Métier;Base;% habitants;% actifs;Effectif attendu;Appui activité;Références;Justification proposée;Milieu privilégié, noblesse non établie / % de tous habitants;Milieu ordinaire, noblesse non établie / % de tous habitants;Milieu précaire, noblesse non établie / % de tous habitants
Agriculteur généraliste;Agriculteur;5.412263250527695;8.173175585151018;51957.72720506587;A — activité attestée;"SB90; SB198";"Contexte régional ; taille et fréquence locales proposées. Agrégat pondéré par habitants puis actifs ; quartiers et institutions déjà inclus. chapitre régional ; profil territorial proposé Transmission familiale, terre/eau, droits d’usage et outils ; les tâches saisonnières restent secondaires.";0.019888800146863568;5.254039155894846;0.13833529448598453
Céréalier;Agriculteur;22.323945270525506;33.711871726031994;214309.87459704484;D — activité déduite;"SB90; SB198";"Contexte régional ; taille et fréquence locales proposées. Agrégat pondéré par habitants puis actifs ; quartiers et institutions déjà inclus. chapitre régional ; profil territorial proposé Transmission familiale, terre/eau, droits d’usage et outils ; les tâches saisonnières restent secondaires.";0.08138801050591149;21.682020042820582;0.5605372171990115
Riziculteur;Agriculteur;0;0;0.0;A — activité attestée;SB198;"Contexte régional ; taille et fréquence locales proposées. Agrégat pondéré par habitants puis actifs ; quartiers et institutions déjà inclus. chapitre régional ; profil territorial proposé Zéro proposé : Aucun profil enfant ne retient ce métier dans le scénario ; ne prouve pas absence canonique. Transmission familiale, terre/eau, droits d’usage et outils ; les tâches saisonnières restent secondaires.";0;0;0
Vigneron;Agriculteur;0.21604949239356414;0.32626100296270377;2074.075126978216;A — activité attestée;MJ128;"Contexte régional ; taille et fréquence locales proposées. Agrégat pondéré par habitants puis actifs ; quartiers et institutions déjà inclus. chapitre régional ; profil territorial proposé Savoir-faire de terrain et sécurité ; procédé spécialisé distinct du rang social.";0.001652970512170203;0.208204336892349;0.00619218498904495
Cultivateur d’épices;Agriculteur;1.2962969543613851;1.957566017776223;12444.450761869299;A — activité attestée;SB182;"Contexte régional ; taille et fréquence locales proposées. Agrégat pondéré par habitants puis actifs ; quartiers et institutions déjà inclus. chapitre régional ; profil territorial proposé Savoir-faire de terrain et sécurité ; procédé spécialisé distinct du rang social.";0.009917823073021217;1.2492260213540942;0.0371531099342697
Cultivateur d’herbes pour thé;Agriculteur;0;0;0.0;D — activité déduite;SB198;"Contexte régional ; taille et fréquence locales proposées. Agrégat pondéré par habitants puis actifs ; quartiers et institutions déjà inclus. chapitre régional ; profil territorial proposé Zéro proposé : Aucun profil enfant ne retient ce métier dans le scénario ; ne prouve pas absence canonique. Savoir-faire de terrain et sécurité ; procédé spécialisé distinct du rang social.";0;0;0
Maraîcher;Agriculteur;3.5232475847746763;5.320532244530984;33823.17681383689;D — activité déduite;"SB90; SB198";"Contexte régional ; taille et fréquence locales proposées. Agrégat pondéré par habitants puis actifs ; quartiers et institutions déjà inclus. chapitre régional ; profil territorial proposé Transmission familiale, terre/eau, droits d’usage et outils ; les tâches saisonnières restent secondaires.";0.013009093391500822;3.419303887674386;0.09093460370878878
Jardinier;Horticulteur;0.45825703579531424;0.6920238435040573;4399.267543635016;A — activité attestée;"SB29; SB161";"Contexte régional ; taille et fréquence locales proposées. Agrégat pondéré par habitants puis actifs ; quartiers et institutions déjà inclus. chapitre régional ; profil territorial proposé Savoir-faire de terrain et sécurité ; procédé spécialisé distinct du rang social.";0.0035001166010838656;0.4417112087234289;0.013045710470801445
Fleuriste;Horticulteur;0.45825703579531424;0.6920238435040573;4399.267543635016;A — activité attestée;"SB29; SB161";"Contexte régional ; taille et fréquence locales proposées. Agrégat pondéré par habitants puis actifs ; quartiers et institutions déjà inclus. chapitre régional ; profil territorial proposé Savoir-faire de terrain et sécurité ; procédé spécialisé distinct du rang social.";0.0035001166010838656;0.4417112087234289;0.013045710470801445
Arboriculteur de verger;Horticulteur;2.345812469679352;3.5424620564524;22519.79970892178;D — activité déduite;"SB29; SB161";"Contexte régional ; taille et fréquence locales proposées. Agrégat pondéré par habitants puis actifs ; quartiers et institutions déjà inclus. chapitre régional ; profil territorial proposé Transmission familiale, terre/eau, droits d’usage et outils ; les tâches saisonnières restent secondaires.";0.008653991355458577;2.276643547319376;0.06051493100451747
Jardinier de roses magiques;Horticulteur;0;0;0.0;A — activité attestée;SB157;"Contexte régional ; taille et fréquence locales proposées. Agrégat pondéré par habitants puis actifs ; quartiers et institutions déjà inclus. chapitre régional ; profil territorial proposé Zéro proposé : Aucun profil enfant ne retient ce métier dans le scénario ; ne prouve pas absence canonique. Savoir-faire de terrain et sécurité ; procédé spécialisé distinct du rang social.";0;0;0
Arboriculteur de breithwood;Horticulteur;0;0;0.0;D — activité déduite;SB152;"Contexte régional ; taille et fréquence locales proposées. Agrégat pondéré par habitants puis actifs ; quartiers et institutions déjà inclus. chapitre régional ; profil territorial proposé Zéro proposé : Aucun profil enfant ne retient ce métier dans le scénario ; ne prouve pas absence canonique. Savoir-faire de terrain et sécurité ; procédé spécialisé distinct du rang social.";0;0;0
Éleveur généraliste;Éleveur;1.8739852390367933;2.8299455687296002;17990.258294753217;A — activité attestée;"SB120; SB182";"Contexte régional ; taille et fréquence locales proposées. Agrégat pondéré par habitants puis actifs ; quartiers et institutions déjà inclus. chapitre régional ; profil territorial proposé Transmission familiale, terre/eau, droits d’usage et outils ; les tâches saisonnières restent secondaires.";0.006808091039689905;1.8205045296643512;0.046672618332752394
Berger;Éleveur;0.7495940956147172;1.1319782274918402;7196.103317901285;A — activité attestée;MJ135;"Contexte régional ; taille et fréquence locales proposées. Agrégat pondéré par habitants puis actifs ; quartiers et institutions déjà inclus. chapitre régional ; profil territorial proposé Transmission familiale, terre/eau, droits d’usage et outils ; les tâches saisonnières restent secondaires.";0.002723236415875962;0.7282018118657403;0.01866904733310096
Éleveur de yaks;Éleveur;0;0;0.0;A — activité attestée;SB120;"Contexte régional ; taille et fréquence locales proposées. Agrégat pondéré par habitants puis actifs ; quartiers et institutions déjà inclus. chapitre régional ; profil territorial proposé Zéro proposé : Aucun profil enfant ne retient ce métier dans le scénario ; ne prouve pas absence canonique. Transmission familiale, terre/eau, droits d’usage et outils ; les tâches saisonnières restent secondaires.";0;0;0
Éleveur de chevaux;Éleveur;0.04867249339678455;0.07350138311550852;467.25593660913165;A — activité attestée;SB182;"Contexte régional ; taille et fréquence locales proposées. Agrégat pondéré par habitants puis actifs ; quartiers et institutions déjà inclus. chapitre régional ; profil territorial proposé Savoir-faire de terrain et sécurité ; procédé spécialisé distinct du rang social.";0.00037484013447251747;0.04686249232168879;0.0014351609406232358
Éleveur de chameaux;Éleveur;0;0;0.0;A — activité attestée;SB182;"Contexte régional ; taille et fréquence locales proposées. Agrégat pondéré par habitants puis actifs ; quartiers et institutions déjà inclus. chapitre régional ; profil territorial proposé Zéro proposé : Aucun profil enfant ne retient ce métier dans le scénario ; ne prouve pas absence canonique. Savoir-faire de terrain et sécurité ; procédé spécialisé distinct du rang social.";0;0;0
Éleveur de vers à soie;Éleveur;0;0;0.0;A — activité attestée;SB198;"Contexte régional ; taille et fréquence locales proposées. Agrégat pondéré par habitants puis actifs ; quartiers et institutions déjà inclus. chapitre régional ; profil territorial proposé Zéro proposé : Aucun profil enfant ne retient ce métier dans le scénario ; ne prouve pas absence canonique. Savoir-faire de terrain et sécurité ; procédé spécialisé distinct du rang social.";0;0;0
Éleveur de loups géants;Éleveur;0;0;0.0;A — activité attestée;SB191;"Contexte régional ; taille et fréquence locales proposées. Agrégat pondéré par habitants puis actifs ; quartiers et institutions déjà inclus. chapitre régional ; profil territorial proposé Zéro proposé : Aucun profil enfant ne retient ce métier dans le scénario ; ne prouve pas absence canonique. Savoir-faire de terrain et sécurité ; procédé spécialisé distinct du rang social.";0;0;0
Éleveur de montures volantes;Éleveur;0;0;0.0;A — activité attestée;"SB124; SB107";"Contexte régional ; taille et fréquence locales proposées. Agrégat pondéré par habitants puis actifs ; quartiers et institutions déjà inclus. chapitre régional ; profil territorial proposé Zéro proposé : Aucun profil enfant ne retient ce métier dans le scénario ; ne prouve pas absence canonique. Savoir-faire de terrain et sécurité ; procédé spécialisé distinct du rang social.";0;0;0
Apiculteur;Éleveur;0.007696110487612772;0.011622062606036116;73.88266068108261;P — activité proposée;SB152;"Contexte régional ; taille et fréquence locales proposées. Agrégat pondéré par habitants puis actifs ; quartiers et institutions déjà inclus. chapitre régional ; profil territorial proposé Transmission familiale, terre/eau, droits d’usage et outils ; les tâches saisonnières restent secondaires.";3.8693821541486895e-05;0.0073023453476182346;0.0003550713184530502
Chasseur de gibier;Chasseur;0.11267035095077431;0.17014592951876098;1081.6353691274335;A — activité attestée;"MJ139; PG20";"Contexte régional ; taille et fréquence locales proposées. Agrégat pondéré par habitants puis actifs ; quartiers et institutions déjà inclus. chapitre régional ; profil territorial proposé Transmission familiale, terre/eau, droits d’usage et outils ; les tâches saisonnières restent secondaires.";0.0004619233671408819;0.10860167338990338;0.0036067541937300405
Trappeur;Chasseur;0.015392220975225544;0.023244125212072232;147.76532136216522;A — activité attestée;MJ140;"Contexte régional ; taille et fréquence locales proposées. Agrégat pondéré par habitants puis actifs ; quartiers et institutions déjà inclus. chapitre régional ; profil territorial proposé Transmission familiale, terre/eau, droits d’usage et outils ; les tâches saisonnières restent secondaires.";7.738764308297379e-05;0.014604690695236469;0.0007101426369061004
Chasseur de monstres;Chasseur;0.002455748027814891;0.003708478116296816;23.57518106702295;A — activité attestée;PG58;"Contexte régional ; taille et fréquence locales proposées. Agrégat pondéré par habitants puis actifs ; quartiers et institutions déjà inclus. chapitre régional ; profil territorial proposé Long apprentissage, frais, bourses, talent, licence ou secret ; titre ne donne pas maîtrise.";0.0002822334953706683;0.0021647394035531654;8.775128891056846e-06
Chasseur de monstres marins;Chasseur;0;0;0.0;A — activité attestée;SB148;"Contexte régional ; taille et fréquence locales proposées. Agrégat pondéré par habitants puis actifs ; quartiers et institutions déjà inclus. chapitre régional ; profil territorial proposé Zéro proposé : Aucun profil enfant ne retient ce métier dans le scénario ; ne prouve pas absence canonique. Long apprentissage, frais, bourses, talent, licence ou secret ; titre ne donne pas maîtrise.";0;0;0
Chasseur de dragons;Chasseur;0;0;0.0;A — activité attestée;SB220;"Contexte régional ; taille et fréquence locales proposées. Agrégat pondéré par habitants puis actifs ; quartiers et institutions déjà inclus. chapitre régional ; profil territorial proposé Zéro proposé : Aucun profil enfant ne retient ce métier dans le scénario ; ne prouve pas absence canonique. Long apprentissage, frais, bourses, talent, licence ou secret ; titre ne donne pas maîtrise.";0;0;0
Cueilleur;Collecteur de ressources;0.32138674761120267;0.4853330662936372;3085.3127770675455;A — activité attestée;"MJ139; SB153";"Contexte régional ; taille et fréquence locales proposées. Agrégat pondéré par habitants puis actifs ; quartiers et institutions déjà inclus. chapitre régional ; profil territorial proposé Transmission familiale, terre/eau, droits d’usage et outils ; les tâches saisonnières restent secondaires.";0.0011976372666665477;0.31172729171962715;0.008461818624908924
Herboriste de collecte;Collecteur de ressources;0.16280957436105425;0.24586225329428635;1562.9719138661208;D — activité déduite;BR55;"Contexte régional ; taille et fréquence locales proposées. Agrégat pondéré par habitants puis actifs ; quartiers et institutions déjà inclus. chapitre régional ; profil territorial proposé Savoir-faire de terrain et sécurité ; procédé spécialisé distinct du rang social.";0.001248988282687858;0.1568512573038851;0.004709328774481303
Collecteur de composants de créatures;Collecteur de ressources;0.16280957436105425;0.24586225329428635;1562.9719138661208;A — activité attestée;"SB104; SB139";"Contexte régional ; taille et fréquence locales proposées. Agrégat pondéré par habitants puis actifs ; quartiers et institutions déjà inclus. chapitre régional ; profil territorial proposé Savoir-faire de terrain et sécurité ; procédé spécialisé distinct du rang social.";0.001248988282687858;0.1568512573038851;0.004709328774481303
Collecteur de perles;Collecteur de ressources;0;0;0.0;D — activité déduite;SB149;"Contexte régional ; taille et fréquence locales proposées. Agrégat pondéré par habitants puis actifs ; quartiers et institutions déjà inclus. chapitre régional ; profil territorial proposé Zéro proposé : Aucun profil enfant ne retient ce métier dans le scénario ; ne prouve pas absence canonique. Savoir-faire de terrain et sécurité ; procédé spécialisé distinct du rang social.";0;0;0
Récupérateur de reliques penumbrales;Collecteur de ressources;0;0;0.0;A — activité attestée;PG8;"Contexte régional ; taille et fréquence locales proposées. Agrégat pondéré par habitants puis actifs ; quartiers et institutions déjà inclus. chapitre régional ; profil territorial proposé Zéro proposé : Aucun profil enfant ne retient ce métier dans le scénario ; ne prouve pas absence canonique. Savoir-faire de terrain et sécurité ; procédé spécialisé distinct du rang social.";0;0;0
Bûcheron;Travailleur forestier;0.10175598397565887;0.15366390830892893;976.8574461663251;A — activité attestée;"MJ135; SB107";"Contexte régional ; taille et fréquence locales proposées. Agrégat pondéré par habitants puis actifs ; quartiers et institutions déjà inclus. chapitre régional ; profil territorial proposé Savoir-faire de terrain et sécurité ; procédé spécialisé distinct du rang social.";0.000780617676679911;0.09803203581492816;0.002943330484050814
Forestier;Travailleur forestier;0.10175598397565887;0.15366390830892893;976.8574461663251;A — activité attestée;MJ140;"Contexte régional ; taille et fréquence locales proposées. Agrégat pondéré par habitants puis actifs ; quartiers et institutions déjà inclus. chapitre régional ; profil territorial proposé Savoir-faire de terrain et sécurité ; procédé spécialisé distinct du rang social.";0.000780617676679911;0.09803203581492816;0.002943330484050814
Scieur;Travailleur forestier;0.10175598397565887;0.15366390830892893;976.8574461663251;D — activité déduite;SB99;"Contexte régional ; taille et fréquence locales proposées. Agrégat pondéré par habitants puis actifs ; quartiers et institutions déjà inclus. chapitre régional ; profil territorial proposé Savoir-faire de terrain et sécurité ; procédé spécialisé distinct du rang social.";0.000780617676679911;0.09803203581492816;0.002943330484050814
Pêcheur maritime;Pêcheur;0.6179923727462304;0.9332436245126416;5932.726778363813;A — activité attestée;"SB110; SB168";"Contexte régional ; taille et fréquence locales proposées. Agrégat pondéré par habitants puis actifs ; quartiers et institutions déjà inclus. chapitre régional ; profil territorial proposé Transmission familiale, terre/eau, droits d’usage et outils ; les tâches saisonnières restent secondaires.";0.002322957518082751;0.5990933626695374;0.01657605255861033
Pêcheur d’eau douce;Pêcheur;0.60567859596605;0.9146483243429839;5814.51452127408;A — activité attestée;SB138;"Contexte régional ; taille et fréquence locales proposées. Agrégat pondéré par habitants puis actifs ; quartiers et institutions déjà inclus. chapitre régional ; profil territorial proposé Transmission familiale, terre/eau, droits d’usage et outils ; les tâches saisonnières restent secondaires.";0.002261047403616371;0.5874096101133481;0.01600793844908545
Cultivateur marin;Pêcheur;0;0;0.0;P — activité proposée;SB149;"Contexte régional ; taille et fréquence locales proposées. Agrégat pondéré par habitants puis actifs ; quartiers et institutions déjà inclus. chapitre régional ; profil territorial proposé Zéro proposé : Aucun profil enfant ne retient ce métier dans le scénario ; ne prouve pas absence canonique. Transmission familiale, terre/eau, droits d’usage et outils ; les tâches saisonnières restent secondaires.";0;0;0
Mineur;Extracteur de ressources minérales;0.7586050998737659;1.145585939570621;7282.608958788152;A — activité attestée;"MJ135; SB160";"Contexte régional ; taille et fréquence locales proposées. Agrégat pondéré par habitants puis actifs ; quartiers et institutions déjà inclus. chapitre régional ; profil territorial proposé Savoir-faire de terrain et sécurité ; procédé spécialisé distinct du rang social.";0.006685383133604133;0.7240709132906715;0.027848803449490263
Carrier;Extracteur de ressources minérales;0.7586050998737659;1.145585939570621;7282.608958788152;D — activité déduite;"MJ135; SB160";"Contexte régional ; taille et fréquence locales proposées. Agrégat pondéré par habitants puis actifs ; quartiers et institutions déjà inclus. chapitre régional ; profil territorial proposé Savoir-faire de terrain et sécurité ; procédé spécialisé distinct du rang social.";0.006685383133604133;0.7240709132906715;0.027848803449490263
Salinier;Extracteur de ressources minérales;0;0;0.0;P — activité proposée;SB120;"Contexte régional ; taille et fréquence locales proposées. Agrégat pondéré par habitants puis actifs ; quartiers et institutions déjà inclus. chapitre régional ; profil territorial proposé Zéro proposé : Aucun profil enfant ne retient ce métier dans le scénario ; ne prouve pas absence canonique. Savoir-faire de terrain et sécurité ; procédé spécialisé distinct du rang social.";0;0;0
Mineur de bauronite;Extracteur de ressources minérales;0.7586050998737659;1.145585939570621;7282.608958788152;A — activité attestée;"SB174; SB182";"Contexte régional ; taille et fréquence locales proposées. Agrégat pondéré par habitants puis actifs ; quartiers et institutions déjà inclus. chapitre régional ; profil territorial proposé Savoir-faire de terrain et sécurité ; procédé spécialisé distinct du rang social.";0.006685383133604133;0.7240709132906715;0.027848803449490263
Mineur de tameranium;Extracteur de ressources minérales;0;0;0.0;A — activité attestée;"SB168; SB198";"Contexte régional ; taille et fréquence locales proposées. Agrégat pondéré par habitants puis actifs ; quartiers et institutions déjà inclus. chapitre régional ; profil territorial proposé Zéro proposé : Aucun profil enfant ne retient ce métier dans le scénario ; ne prouve pas absence canonique. Savoir-faire de terrain et sécurité ; procédé spécialisé distinct du rang social.";0;0;0
Extracteur d’obsidienne;Extracteur de ressources minérales;0;0;0.0;A — activité attestée;SB190;"Contexte régional ; taille et fréquence locales proposées. Agrégat pondéré par habitants puis actifs ; quartiers et institutions déjà inclus. chapitre régional ; profil territorial proposé Zéro proposé : Aucun profil enfant ne retient ce métier dans le scénario ; ne prouve pas absence canonique. Savoir-faire de terrain et sécurité ; procédé spécialisé distinct du rang social.";0;0;0
Extracteur de soufre;Extracteur de ressources minérales;0;0;0.0;A — activité attestée;SB190;"Contexte régional ; taille et fréquence locales proposées. Agrégat pondéré par habitants puis actifs ; quartiers et institutions déjà inclus. chapitre régional ; profil territorial proposé Zéro proposé : Aucun profil enfant ne retient ce métier dans le scénario ; ne prouve pas absence canonique. Savoir-faire de terrain et sécurité ; procédé spécialisé distinct du rang social.";0;0;0
Prospecteur;Extracteur de ressources minérales;0.7586050998737659;1.145585939570621;7282.608958788152;D — activité déduite;SB104;"Contexte régional ; taille et fréquence locales proposées. Agrégat pondéré par habitants puis actifs ; quartiers et institutions déjà inclus. chapitre régional ; profil territorial proposé Savoir-faire de terrain et sécurité ; procédé spécialisé distinct du rang social.";0.006685383133604133;0.7240709132906715;0.027848803449490263
Meunier;Meunier;0.13497079453322097;0.2038223108382247;1295.7196275189212;D — activité déduite;SB121;"Contexte régional ; taille et fréquence locales proposées. Agrégat pondéré par habitants puis actifs ; quartiers et institutions déjà inclus. chapitre régional ; profil territorial proposé Apprentissage, atelier, combustible et outils ; titre noble ne remplace pas qualification.";0.005051213974408582;0.12615139620779856;0.003768184351013847
Boucher;Boucher;0.15425233660939539;0.23293978381511393;1480.8224314501958;D — activité déduite;SB99;"Contexte régional ; taille et fréquence locales proposées. Agrégat pondéré par habitants puis actifs ; quartiers et institutions déjà inclus. chapitre régional ; profil territorial proposé Apprentissage, atelier, combustible et outils ; titre noble ne remplace pas qualification.";0.005772815970752664;0.14417302423748404;0.00430649640115868
Écorcheur;Boucher;0.061700934643758164;0.09317591352604557;592.3289725800784;A — activité attestée;MJ128;"Contexte régional ; taille et fréquence locales proposées. Agrégat pondéré par habitants puis actifs ; quartiers et institutions déjà inclus. chapitre régional ; profil territorial proposé Apprentissage, atelier, combustible et outils ; titre noble ne remplace pas qualification.";0.0023091263883010652;0.057669209694993624;0.0017225985604634722
Boulanger;Boulanger;0.3277862152949652;0.494997040607117;3146.7476668316663;A — activité attestée;MJ128;"Contexte régional ; taille et fréquence locales proposées. Agrégat pondéré par habitants puis actifs ; quartiers et institutions déjà inclus. chapitre régional ; profil territorial proposé Apprentissage, atelier, combustible et outils ; titre noble ne remplace pas qualification.";0.012267233937849406;0.30636767650465363;0.009151304852462195
Cuisinier;Cuisinier;0.1711957722958387;0.2585264318532545;1643.4794140400516;A — activité attestée;MJ128;"Contexte régional ; taille et fréquence locales proposées. Agrégat pondéré par habitants puis actifs ; quartiers et institutions déjà inclus. chapitre régional ; profil territorial proposé Apprentissage et qualification variable ; soins avancés et thérapie magique exigent formation.";0.000764804410210628;0.16411208512381342;0.006318882761814672
Cuisinier de haute cuisine;Cuisinier;0;0;0.0;A — activité attestée;"PG28; CC52";"Contexte régional ; taille et fréquence locales proposées. Agrégat pondéré par habitants puis actifs ; quartiers et institutions déjà inclus. chapitre régional ; profil territorial proposé Zéro proposé : Aucun profil enfant ne retient ce métier dans le scénario ; ne prouve pas absence canonique. Apprentissage et qualification variable ; soins avancés et thérapie magique exigent formation.";0;0;0
Poissonnier;Transformateur alimentaire;0.10550145330314928;0.15932002240489274;1012.8139517102331;D — activité déduite;"SB120; SB149";"Contexte régional ; taille et fréquence locales proposées. Agrégat pondéré par habitants puis actifs ; quartiers et institutions déjà inclus. chapitre régional ; profil territorial proposé Apprentissage, atelier, combustible et outils ; titre noble ne remplace pas qualification.";0.004001339708204034;0.09846692575501508;0.0030331878399301572
Saleur et sécheur alimentaire;Transformateur alimentaire;0.10550145330314928;0.15932002240489274;1012.8139517102331;D — activité déduite;"SB120; SB149";"Contexte régional ; taille et fréquence locales proposées. Agrégat pondéré par habitants puis actifs ; quartiers et institutions déjà inclus. chapitre régional ; profil territorial proposé Apprentissage, atelier, combustible et outils ; titre noble ne remplace pas qualification.";0.004001339708204034;0.09846692575501508;0.0030331878399301572
Fromager;Transformateur alimentaire;0.10550145330314928;0.15932002240489274;1012.8139517102331;A — activité attestée;"SB120; SB149";"Contexte régional ; taille et fréquence locales proposées. Agrégat pondéré par habitants puis actifs ; quartiers et institutions déjà inclus. chapitre régional ; profil territorial proposé Apprentissage, atelier, combustible et outils ; titre noble ne remplace pas qualification.";0.004001339708204034;0.09846692575501508;0.0030331878399301572
Huilier;Transformateur alimentaire;0.10550145330314928;0.15932002240489274;1012.8139517102331;P — activité proposée;"SB120; SB149";"Contexte régional ; taille et fréquence locales proposées. Agrégat pondéré par habitants puis actifs ; quartiers et institutions déjà inclus. chapitre régional ; profil territorial proposé Apprentissage, atelier, combustible et outils ; titre noble ne remplace pas qualification.";0.004001339708204034;0.09846692575501508;0.0030331878399301572
Brasseur;Fabricant de boissons;0.09255140196563724;0.13976387028906836;888.4934588701175;A — activité attestée;"MJ128; SB120";"Contexte régional ; taille et fréquence locales proposées. Agrégat pondéré par habitants puis actifs ; quartiers et institutions déjà inclus. chapitre régional ; profil territorial proposé Apprentissage, atelier, combustible et outils ; titre noble ne remplace pas qualification.";0.0034636895824515976;0.08650381454249044;0.0025838978406952083
Distillateur;Fabricant de boissons;0.09255140196563724;0.13976387028906836;888.4934588701175;A — activité attestée;"MJ128; SB120";"Contexte régional ; taille et fréquence locales proposées. Agrégat pondéré par habitants puis actifs ; quartiers et institutions déjà inclus. chapitre régional ; profil territorial proposé Apprentissage, atelier, combustible et outils ; titre noble ne remplace pas qualification.";0.0034636895824515976;0.08650381454249044;0.0025838978406952083
Distillateur de Highlandtuber;Fabricant de boissons;0;0;0.0;A — activité attestée;"SB120; SB121";"Contexte régional ; taille et fréquence locales proposées. Agrégat pondéré par habitants puis actifs ; quartiers et institutions déjà inclus. chapitre régional ; profil territorial proposé Zéro proposé : Aucun profil enfant ne retient ce métier dans le scénario ; ne prouve pas absence canonique. Apprentissage, atelier, combustible et outils ; titre noble ne remplace pas qualification.";0;0;0
Maître de cérémonie du thé;Maître de cérémonie du thé;0;0;0.0;A — activité attestée;SB201;"Contexte régional ; taille et fréquence locales proposées. Agrégat pondéré par habitants puis actifs ; quartiers et institutions déjà inclus. chapitre régional ; profil territorial proposé Zéro proposé : Aucun profil enfant ne retient ce métier dans le scénario ; ne prouve pas absence canonique. Apprentissage, audition et réseau ; accès au mérite notamment Mustardseed.";0;0;0
Alchimiste;Alchimiste;0.20047018036526493;0.30273434751209727;1924.5137315065433;A — activité attestée;"MJ128; BR55";"Contexte régional ; taille et fréquence locales proposées. Agrégat pondéré par habitants puis actifs ; quartiers et institutions déjà inclus. chapitre régional ; profil territorial proposé Long apprentissage, frais, bourses, talent, licence ou secret ; titre ne donne pas maîtrise.";0.017371181081187057;0.18270906400749787;0.00038993527658001995
Apothicaire;Alchimiste;0.08018807214610597;0.1210937390048389;769.8054926026173;A — activité attestée;"MJ128; BR55";"Contexte régional ; taille et fréquence locales proposées. Agrégat pondéré par habitants puis actifs ; quartiers et institutions déjà inclus. chapitre régional ; profil territorial proposé Long apprentissage, frais, bourses, talent, licence ou secret ; titre ne donne pas maîtrise.";0.006948472432474823;0.07308362560299915;0.00015597411063200797
Préparateur de poisons;Alchimiste;0.004911496055629782;0.007416956232593632;47.1503621340459;D — activité déduite;"BR55; SB193";"Contexte régional ; taille et fréquence locales proposées. Agrégat pondéré par habitants puis actifs ; quartiers et institutions déjà inclus. chapitre régional ; profil territorial proposé Long apprentissage, frais, bourses, talent, licence ou secret ; titre ne donne pas maîtrise.";0.0005644669907413366;0.004329478807106331;1.7550257782113692e-05
Préparateur de potions;Alchimiste;0.004911496055629782;0.007416956232593632;47.1503621340459;A — activité attestée;SB138;"Contexte régional ; taille et fréquence locales proposées. Agrégat pondéré par habitants puis actifs ; quartiers et institutions déjà inclus. chapitre régional ; profil territorial proposé Long apprentissage, frais, bourses, talent, licence ou secret ; titre ne donne pas maîtrise.";0.0005644669907413366;0.004329478807106331;1.7550257782113692e-05
Préparateur d’Estelindea;Alchimiste;0;0;0.0;A — activité attestée;SB153;"Contexte régional ; taille et fréquence locales proposées. Agrégat pondéré par habitants puis actifs ; quartiers et institutions déjà inclus. chapitre régional ; profil territorial proposé Zéro proposé : Aucun profil enfant ne retient ce métier dans le scénario ; ne prouve pas absence canonique. Long apprentissage, frais, bourses, talent, licence ou secret ; titre ne donne pas maîtrise.";0;0;0
Charbonnier;Charbonnier;0.15263397596348832;0.23049586246339343;1465.2861692494878;P — activité proposée;SB128;"Contexte régional ; taille et fréquence locales proposées. Agrégat pondéré par habitants puis actifs ; quartiers et institutions déjà inclus. chapitre régional ; profil territorial proposé Savoir-faire de terrain et sécurité ; procédé spécialisé distinct du rang social.";0.0011709265150198665;0.14704805372239224;0.0044149957260762205
Fondeur et affineur;Métallurgiste;0.030328888782021304;0.045800309749125474;291.1573323074045;D — activité déduite;"SB198; SB160";"Contexte régional ; taille et fréquence locales proposées. Agrégat pondéré par habitants puis actifs ; quartiers et institutions déjà inclus. chapitre régional ; profil territorial proposé Apprentissage, atelier, combustible et outils ; titre noble ne remplace pas qualification.";0.0014590587629204346;0.027466514138363922;0.0014033158807369476
Aciériste;Métallurgiste;0.030328888782021304;0.045800309749125474;291.1573323074045;D — activité déduite;SB198;"Contexte régional ; taille et fréquence locales proposées. Agrégat pondéré par habitants puis actifs ; quartiers et institutions déjà inclus. chapitre régional ; profil territorial proposé Apprentissage, atelier, combustible et outils ; titre noble ne remplace pas qualification.";0.0014590587629204346;0.027466514138363922;0.0014033158807369476
Forgeron;Forgeron;1.5200371014719403;2.295440844467957;14592.356174130626;A — activité attestée;MJ128;"Contexte régional ; taille et fréquence locales proposées. Agrégat pondéré par habitants puis actifs ; quartiers et institutions déjà inclus. chapitre régional ; profil territorial proposé Apprentissage, atelier, combustible et outils ; titre noble ne remplace pas qualification.";0.06071525817275413;1.4109987597038676;0.04832308359531842
Armurier;Forgeron;0.6080148405887759;0.9181763377871824;5836.942469652248;A — activité attestée;MJ128;"Contexte régional ; taille et fréquence locales proposées. Agrégat pondéré par habitants puis actifs ; quartiers et institutions déjà inclus. chapitre régional ; profil territorial proposé Apprentissage, atelier, combustible et outils ; titre noble ne remplace pas qualification.";0.024286103269101647;0.5643995038815469;0.019329233438127365
Coutelier;Forgeron;0.6080148405887759;0.9181763377871824;5836.942469652248;D — activité déduite;MJ128;"Contexte régional ; taille et fréquence locales proposées. Agrégat pondéré par habitants puis actifs ; quartiers et institutions déjà inclus. chapitre régional ; profil territorial proposé Apprentissage, atelier, combustible et outils ; titre noble ne remplace pas qualification.";0.024286103269101647;0.5643995038815469;0.019329233438127365
Rémouleur;Forgeron;0.6080148405887759;0.9181763377871824;5836.942469652248;D — activité déduite;MJ128;"Contexte régional ; taille et fréquence locales proposées. Agrégat pondéré par habitants puis actifs ; quartiers et institutions déjà inclus. chapitre régional ; profil territorial proposé Apprentissage, atelier, combustible et outils ; titre noble ne remplace pas qualification.";0.024286103269101647;0.5643995038815469;0.019329233438127365
Serrurier;Mécanicien et artisan du métal;0.01733079358972646;0.026171605570928843;166.375618461374;A — activité attestée;"MJ128; SB174";"Contexte régional ; taille et fréquence locales proposées. Agrégat pondéré par habitants puis actifs ; quartiers et institutions déjà inclus. chapitre régional ; profil territorial proposé Apprentissage, atelier, combustible et outils ; titre noble ne remplace pas qualification.";0.0008337478645259623;0.015695150936207956;0.0008018947889925412
Rétameur;Mécanicien et artisan du métal;0.01733079358972646;0.026171605570928843;166.375618461374;A — activité attestée;"MJ128; SB174";"Contexte régional ; taille et fréquence locales proposées. Agrégat pondéré par habitants puis actifs ; quartiers et institutions déjà inclus. chapitre régional ; profil territorial proposé Apprentissage, atelier, combustible et outils ; titre noble ne remplace pas qualification.";0.0008337478645259623;0.015695150936207956;0.0008018947889925412
Réparateur et bricoleur;Mécanicien et artisan du métal;0.01733079358972646;0.026171605570928843;166.375618461374;A — activité attestée;"MJ128; SB174";"Contexte régional ; taille et fréquence locales proposées. Agrégat pondéré par habitants puis actifs ; quartiers et institutions déjà inclus. chapitre régional ; profil territorial proposé Apprentissage, atelier, combustible et outils ; titre noble ne remplace pas qualification.";0.0008337478645259623;0.015695150936207956;0.0008018947889925412
Horloger;Mécanicien et artisan du métal;0;0;0.0;D — activité déduite;SB174;"Contexte régional ; taille et fréquence locales proposées. Agrégat pondéré par habitants puis actifs ; quartiers et institutions déjà inclus. chapitre régional ; profil territorial proposé Zéro proposé : Aucun profil enfant ne retient ce métier dans le scénario ; ne prouve pas absence canonique. Apprentissage, atelier, combustible et outils ; titre noble ne remplace pas qualification.";0;0;0
Fabricant d’outils de précision;Mécanicien et artisan du métal;0;0;0.0;A — activité attestée;SB174;"Contexte régional ; taille et fréquence locales proposées. Agrégat pondéré par habitants puis actifs ; quartiers et institutions déjà inclus. chapitre régional ; profil territorial proposé Zéro proposé : Aucun profil enfant ne retient ce métier dans le scénario ; ne prouve pas absence canonique. Apprentissage, atelier, combustible et outils ; titre noble ne remplace pas qualification.";0;0;0
Fabricant d’instruments de navigation;Mécanicien et artisan du métal;0;0;0.0;D — activité déduite;SB174;"Contexte régional ; taille et fréquence locales proposées. Agrégat pondéré par habitants puis actifs ; quartiers et institutions déjà inclus. chapitre régional ; profil territorial proposé Zéro proposé : Aucun profil enfant ne retient ce métier dans le scénario ; ne prouve pas absence canonique. Apprentissage, atelier, combustible et outils ; titre noble ne remplace pas qualification.";0;0;0
Bijoutier;Bijoutier;0.14572344499472825;0.22006012044940454;1398.9450719493914;A — activité attestée;MJ128;"Contexte régional ; taille et fréquence locales proposées. Agrégat pondéré par habitants puis actifs ; quartiers et institutions déjà inclus. chapitre régional ; profil territorial proposé Apprentissage, atelier, combustible et outils ; titre noble ne remplace pas qualification.";0.006834266500990879;0.13223063688900696;0.006658541604730414
Orfèvre;Bijoutier;0.05828937799789131;0.08802404817976182;559.5780287797566;A — activité attestée;MJ128;"Contexte régional ; taille et fréquence locales proposées. Agrégat pondéré par habitants puis actifs ; quartiers et institutions déjà inclus. chapitre régional ; profil territorial proposé Apprentissage, atelier, combustible et outils ; titre noble ne remplace pas qualification.";0.0027337066003963522;0.05289225475560279;0.0026634166418921658
Lapidaire et tailleur de gemmes;Bijoutier;0.05828937799789131;0.08802404817976182;559.5780287797566;A — activité attestée;MJ128;"Contexte régional ; taille et fréquence locales proposées. Agrégat pondéré par habitants puis actifs ; quartiers et institutions déjà inclus. chapitre régional ; profil territorial proposé Apprentissage, atelier, combustible et outils ; titre noble ne remplace pas qualification.";0.0027337066003963522;0.05289225475560279;0.0026634166418921658
Tanneur;Tanneur;0.02410192759521803;0.03639684122111155;231.3785049140931;A — activité attestée;MJ128;"Contexte régional ; taille et fréquence locales proposées. Agrégat pondéré par habitants puis actifs ; quartiers et institutions déjà inclus. chapitre régional ; profil territorial proposé Apprentissage, atelier, combustible et outils ; titre noble ne remplace pas qualification.";0.0009020024954301036;0.02252703503710688;0.0006728900626810438
Fourreur;Tanneur;0.009640771038087212;0.01455873648844462;92.55140196563724;D — activité déduite;"SB120; SB133";"Contexte régional ; taille et fréquence locales proposées. Agrégat pondéré par habitants puis actifs ; quartiers et institutions déjà inclus. chapitre régional ; profil territorial proposé Apprentissage, atelier, combustible et outils ; titre noble ne remplace pas qualification.";0.0003608009981720415;0.009010814014842753;0.0002691560250724175
Maroquinier;Artisan du cuir;0.061700934643758164;0.09317591352604557;592.3289725800784;A — activité attestée;MJ128;"Contexte régional ; taille et fréquence locales proposées. Agrégat pondéré par habitants puis actifs ; quartiers et institutions déjà inclus. chapitre régional ; profil territorial proposé Apprentissage, atelier, combustible et outils ; titre noble ne remplace pas qualification.";0.0023091263883010652;0.057669209694993624;0.0017225985604634722
Bourrelier et sellier;Artisan du cuir;0.061700934643758164;0.09317591352604557;592.3289725800784;D — activité déduite;"MJ128; SB163";"Contexte régional ; taille et fréquence locales proposées. Agrégat pondéré par habitants puis actifs ; quartiers et institutions déjà inclus. chapitre régional ; profil territorial proposé Apprentissage, atelier, combustible et outils ; titre noble ne remplace pas qualification.";0.0023091263883010652;0.057669209694993624;0.0017225985604634722
Boursier, fabricant de bourses;Artisan du cuir;0.061700934643758164;0.09317591352604557;592.3289725800784;D — activité déduite;MJ128;"Contexte régional ; taille et fréquence locales proposées. Agrégat pondéré par habitants puis actifs ; quartiers et institutions déjà inclus. chapitre régional ; profil territorial proposé Apprentissage, atelier, combustible et outils ; titre noble ne remplace pas qualification.";0.0023091263883010652;0.057669209694993624;0.0017225985604634722
Gantier;Artisan du cuir;0.061700934643758164;0.09317591352604557;592.3289725800784;D — activité déduite;MJ128;"Contexte régional ; taille et fréquence locales proposées. Agrégat pondéré par habitants puis actifs ; quartiers et institutions déjà inclus. chapitre régional ; profil territorial proposé Apprentissage, atelier, combustible et outils ; titre noble ne remplace pas qualification.";0.0023091263883010652;0.057669209694993624;0.0017225985604634722
Cordonnier;Artisan du cuir;0.061700934643758164;0.09317591352604557;592.3289725800784;A — activité attestée;MJ128;"Contexte régional ; taille et fréquence locales proposées. Agrégat pondéré par habitants puis actifs ; quartiers et institutions déjà inclus. chapitre régional ; profil territorial proposé Apprentissage, atelier, combustible et outils ; titre noble ne remplace pas qualification.";0.0023091263883010652;0.057669209694993624;0.0017225985604634722
Fileur;Artisan textile;0.15425233660939539;0.23293978381511393;1480.8224314501958;D — activité déduite;MJ128;"Contexte régional ; taille et fréquence locales proposées. Agrégat pondéré par habitants puis actifs ; quartiers et institutions déjà inclus. chapitre régional ; profil territorial proposé Apprentissage, atelier, combustible et outils ; titre noble ne remplace pas qualification.";0.005772815970752664;0.14417302423748404;0.00430649640115868
Tisserand;Artisan textile;0.15425233660939539;0.23293978381511393;1480.8224314501958;A — activité attestée;MJ128;"Contexte régional ; taille et fréquence locales proposées. Agrégat pondéré par habitants puis actifs ; quartiers et institutions déjà inclus. chapitre régional ; profil territorial proposé Apprentissage, atelier, combustible et outils ; titre noble ne remplace pas qualification.";0.005772815970752664;0.14417302423748404;0.00430649640115868
Teinturier;Artisan textile;0.15425233660939539;0.23293978381511393;1480.8224314501958;A — activité attestée;MJ128;"Contexte régional ; taille et fréquence locales proposées. Agrégat pondéré par habitants puis actifs ; quartiers et institutions déjà inclus. chapitre régional ; profil territorial proposé Apprentissage, atelier, combustible et outils ; titre noble ne remplace pas qualification.";0.005772815970752664;0.14417302423748404;0.00430649640115868
Tailleur;Tailleur de vêtements;0.15425233660939539;0.23293978381511393;1480.8224314501958;D — activité déduite;"MJ128; SB139";"Contexte régional ; taille et fréquence locales proposées. Agrégat pondéré par habitants puis actifs ; quartiers et institutions déjà inclus. chapitre régional ; profil territorial proposé Apprentissage, atelier, combustible et outils ; titre noble ne remplace pas qualification.";0.005772815970752664;0.14417302423748404;0.00430649640115868
Modiste et fabricant de coiffes;Tailleur de vêtements;0.15425233660939539;0.23293978381511393;1480.8224314501958;D — activité déduite;"SB139; SB120";"Contexte régional ; taille et fréquence locales proposées. Agrégat pondéré par habitants puis actifs ; quartiers et institutions déjà inclus. chapitre régional ; profil territorial proposé Apprentissage, atelier, combustible et outils ; titre noble ne remplace pas qualification.";0.005772815970752664;0.14417302423748404;0.00430649640115868
Tapissier;Tapissier;0.014442327991438719;0.02180967130910737;138.64634871781172;D — activité déduite;SB200;"Contexte régional ; taille et fréquence locales proposées. Agrégat pondéré par habitants puis actifs ; quartiers et institutions déjà inclus. chapitre régional ; profil territorial proposé Apprentissage, atelier, combustible et outils ; titre noble ne remplace pas qualification.";0.0006947898871049688;0.013079292446839965;0.0006682456574937845
Menuisier;Menuisier;0.3856308415234885;0.5823494595377848;3702.0560786254896;D — activité déduite;"MJ128; SB152";"Contexte régional ; taille et fréquence locales proposées. Agrégat pondéré par habitants puis actifs ; quartiers et institutions déjà inclus. chapitre régional ; profil territorial proposé Apprentissage, atelier, combustible et outils ; titre noble ne remplace pas qualification.";0.014432039926881657;0.3604325605937101;0.010766241002896701
Ébéniste;Menuisier;0.15425233660939539;0.23293978381511393;1480.8224314501958;D — activité déduite;MJ128;"Contexte régional ; taille et fréquence locales proposées. Agrégat pondéré par habitants puis actifs ; quartiers et institutions déjà inclus. chapitre régional ; profil territorial proposé Apprentissage, atelier, combustible et outils ; titre noble ne remplace pas qualification.";0.005772815970752664;0.14417302423748404;0.00430649640115868
Sculpteur sur bois;Menuisier;0.15425233660939539;0.23293978381511393;1480.8224314501958;A — activité attestée;MJ128;"Contexte régional ; taille et fréquence locales proposées. Agrégat pondéré par habitants puis actifs ; quartiers et institutions déjà inclus. chapitre régional ; profil territorial proposé Apprentissage, atelier, combustible et outils ; titre noble ne remplace pas qualification.";0.005772815970752664;0.14417302423748404;0.00430649640115868
Tonnelier;Menuisier;0.15425233660939539;0.23293978381511393;1480.8224314501958;A — activité attestée;MJ128;"Contexte régional ; taille et fréquence locales proposées. Agrégat pondéré par habitants puis actifs ; quartiers et institutions déjà inclus. chapitre régional ; profil territorial proposé Apprentissage, atelier, combustible et outils ; titre noble ne remplace pas qualification.";0.005772815970752664;0.14417302423748404;0.00430649640115868
Charron;Menuisier;0.15425233660939539;0.23293978381511393;1480.8224314501958;A — activité attestée;MJ128;"Contexte régional ; taille et fréquence locales proposées. Agrégat pondéré par habitants puis actifs ; quartiers et institutions déjà inclus. chapitre régional ; profil territorial proposé Apprentissage, atelier, combustible et outils ; titre noble ne remplace pas qualification.";0.005772815970752664;0.14417302423748404;0.00430649640115868
Charpentier;Charpentier;0.2506600469902675;0.3785271486995601;2406.336451106568;A — activité attestée;MJ128;"Contexte régional ; taille et fréquence locales proposées. Agrégat pondéré par habitants puis actifs ; quartiers et institutions déjà inclus. chapitre régional ; profil territorial proposé Apprentissage, atelier, combustible et outils ; titre noble ne remplace pas qualification.";0.009380825952473077;0.2342811643859116;0.006998056651882857
Couvreur;Charpentier;0.10026401879610702;0.15141085947982408;962.5345804426274;A — activité attestée;MJ128;"Contexte régional ; taille et fréquence locales proposées. Agrégat pondéré par habitants puis actifs ; quartiers et institutions déjà inclus. chapitre régional ; profil territorial proposé Apprentissage, atelier, combustible et outils ; titre noble ne remplace pas qualification.";0.0037523303809892323;0.09371246575436463;0.002799222660753143
Constructeur naval;Constructeur naval;0.021663491987158074;0.03271450696366105;207.96952307671754;A — activité attestée;"MJ128; SB148";"Contexte régional ; taille et fréquence locales proposées. Agrégat pondéré par habitants puis actifs ; quartiers et institutions déjà inclus. chapitre régional ; profil territorial proposé Apprentissage, atelier, combustible et outils ; titre noble ne remplace pas qualification.";0.001042184830657453;0.019618938670259944;0.001002368486240677
Calfat;Constructeur naval;0.00866539679486323;0.013085802785464421;83.187809230687;D — activité déduite;"MJ128; SB148";"Contexte régional ; taille et fréquence locales proposées. Agrégat pondéré par habitants puis actifs ; quartiers et institutions déjà inclus. chapitre régional ; profil territorial proposé Apprentissage, atelier, combustible et outils ; titre noble ne remplace pas qualification.";0.00041687393226298117;0.007847575468103978;0.0004009473944962706
Constructeur de drakkars;Constructeur naval;0;0;0.0;A — activité attestée;SB130;"Contexte régional ; taille et fréquence locales proposées. Agrégat pondéré par habitants puis actifs ; quartiers et institutions déjà inclus. chapitre régional ; profil territorial proposé Zéro proposé : Aucun profil enfant ne retient ce métier dans le scénario ; ne prouve pas absence canonique. Apprentissage, atelier, combustible et outils ; titre noble ne remplace pas qualification.";0;0;0
Cordier;Cordier;0.09640771038087212;0.1455873648844462;925.5140196563724;D — activité déduite;SB130;"Contexte régional ; taille et fréquence locales proposées. Agrégat pondéré par habitants puis actifs ; quartiers et institutions déjà inclus. chapitre régional ; profil territorial proposé Apprentissage, atelier, combustible et outils ; titre noble ne remplace pas qualification.";0.0036080099817204143;0.09010814014842752;0.0026915602507241753
Voilier;Cordier;0.038563084152348846;0.05823494595377848;370.20560786254896;A — activité attestée;MJ128;"Contexte régional ; taille et fréquence locales proposées. Agrégat pondéré par habitants puis actifs ; quartiers et institutions déjà inclus. chapitre régional ; profil territorial proposé Apprentissage, atelier, combustible et outils ; titre noble ne remplace pas qualification.";0.001443203992688166;0.03604325605937101;0.00107662410028967
Facteur d’arcs;Facteur d’arcs;0.014442327991438719;0.02180967130910737;138.64634871781172;A — activité attestée;"MJ128; SB152";"Contexte régional ; taille et fréquence locales proposées. Agrégat pondéré par habitants puis actifs ; quartiers et institutions déjà inclus. chapitre régional ; profil territorial proposé Apprentissage, atelier, combustible et outils ; titre noble ne remplace pas qualification.";0.0006947898871049688;0.013079292446839965;0.0006682456574937845
Fabricant de flèches;Facteur d’arcs;0.0057769311965754876;0.00872386852364295;55.45853948712468;A — activité attestée;SB152;"Contexte régional ; taille et fréquence locales proposées. Agrégat pondéré par habitants puis actifs ; quartiers et institutions déjà inclus. chapitre régional ; profil territorial proposé Apprentissage, atelier, combustible et outils ; titre noble ne remplace pas qualification.";0.0002779159548419876;0.0052317169787359855;0.00026729826299751386
Luthier et facteur d’instruments;Luthier;0.010831745993579037;0.016357253481830526;103.98476153835877;D — activité déduite;BR55;"Contexte régional ; taille et fréquence locales proposées. Agrégat pondéré par habitants puis actifs ; quartiers et institutions déjà inclus. chapitre régional ; profil territorial proposé Apprentissage, atelier, combustible et outils ; titre noble ne remplace pas qualification.";0.0005210924153287265;0.009809469335129972;0.0005011842431203385
Tailleur de pierre;Tailleur de pierre;0.2898897483865276;0.43776876774560636;2782.9415845106646;A — activité attestée;"MJ128; SB161";"Contexte régional ; taille et fréquence locales proposées. Agrégat pondéré par habitants puis actifs ; quartiers et institutions déjà inclus. chapitre régional ; profil territorial proposé Apprentissage, atelier, combustible et outils ; titre noble ne remplace pas qualification.";0.013920493349341843;0.2629452323126682;0.01302402272451754
Sculpteur sur pierre;Tailleur de pierre;0.11595589935461101;0.1751075070982425;1113.1766338042657;D — activité déduite;"MJ128; SB161";"Contexte régional ; taille et fréquence locales proposées. Agrégat pondéré par habitants puis actifs ; quartiers et institutions déjà inclus. chapitre régional ; profil territorial proposé Apprentissage, atelier, combustible et outils ; titre noble ne remplace pas qualification.";0.005568197339736736;0.10517809292506726;0.005209609089807016
Sculpteur de statues de Stone Spirits;Tailleur de pierre;0.11595589935461101;0.1751075070982425;1113.1766338042657;A — activité attestée;SB161;"Contexte régional ; taille et fréquence locales proposées. Agrégat pondéré par habitants puis actifs ; quartiers et institutions déjà inclus. chapitre régional ; profil territorial proposé Apprentissage, atelier, combustible et outils ; titre noble ne remplace pas qualification.";0.005568197339736736;0.10517809292506726;0.005209609089807016
Maçon;Maçon;1.234018692875163;1.8635182705209115;11846.579451601567;A — activité attestée;"MJ128; SB90";"Contexte régional ; taille et fréquence locales proposées. Agrégat pondéré par habitants puis actifs ; quartiers et institutions déjà inclus. chapitre régional ; profil territorial proposé Apprentissage, atelier, combustible et outils ; titre noble ne remplace pas qualification.";0.04618252776602131;1.1533841938998723;0.03445197120926944
Plâtrier;Maçon;0.4936074771500653;0.7454073082083645;4738.631780640627;A — activité attestée;"MJ128; SB90";"Contexte régional ; taille et fréquence locales proposées. Agrégat pondéré par habitants puis actifs ; quartiers et institutions déjà inclus. chapitre régional ; profil territorial proposé Apprentissage, atelier, combustible et outils ; titre noble ne remplace pas qualification.";0.018473011106408522;0.461353677559949;0.013780788483707777
Manœuvre de chantier;Maçon;0.49360747715006537;0.7454073082083646;4738.631780640627;A — activité attestée;SB90;"Contexte régional ; taille et fréquence locales proposées. Agrégat pondéré par habitants puis actifs ; quartiers et institutions déjà inclus. chapitre régional ; profil territorial proposé Apprentissage, atelier, combustible et outils ; titre noble ne remplace pas qualification.";0.009416275610315399;0.47013507223398915;0.014056129305760806
Architecte;Architecte;0.028884655982877438;0.04361934261821474;277.29269743562344;A — activité attestée;SB174;"Contexte régional ; taille et fréquence locales proposées. Agrégat pondéré par habitants puis actifs ; quartiers et institutions déjà inclus. chapitre régional ; profil territorial proposé Apprentissage, atelier, combustible et outils ; titre noble ne remplace pas qualification.";0.0013895797742099376;0.02615858489367993;0.001336491314987569
Géomètre et arpenteur;Architecte;0.011553862393150975;0.0174477370472859;110.91707897424936;A — activité attestée;MJ128;"Contexte régional ; taille et fréquence locales proposées. Agrégat pondéré par habitants puis actifs ; quartiers et institutions déjà inclus. chapitre régional ; profil territorial proposé Apprentissage, atelier, combustible et outils ; titre noble ne remplace pas qualification.";0.0005558319096839752;0.010463433957471971;0.0005345965259950277
Potier;Potier;0.19281542076174424;0.2911747297688924;1851.0280393127448;A — activité attestée;"MJ128; SB200";"Contexte régional ; taille et fréquence locales proposées. Agrégat pondéré par habitants puis actifs ; quartiers et institutions déjà inclus. chapitre régional ; profil territorial proposé Apprentissage, atelier, combustible et outils ; titre noble ne remplace pas qualification.";0.007216019963440829;0.18021628029685505;0.005383120501448351
Tuilier;Potier;0.07712616830469769;0.11646989190755697;740.4112157250979;A — activité attestée;"MJ128; SB200";"Contexte régional ; taille et fréquence locales proposées. Agrégat pondéré par habitants puis actifs ; quartiers et institutions déjà inclus. chapitre régional ; profil territorial proposé Apprentissage, atelier, combustible et outils ; titre noble ne remplace pas qualification.";0.002886407985376332;0.07208651211874202;0.00215324820057934
Porcelainier;Potier;0.07712616830469769;0.11646989190755697;740.4112157250979;D — activité déduite;SB200;"Contexte régional ; taille et fréquence locales proposées. Agrégat pondéré par habitants puis actifs ; quartiers et institutions déjà inclus. chapitre régional ; profil territorial proposé Apprentissage, atelier, combustible et outils ; titre noble ne remplace pas qualification.";0.002886407985376332;0.07208651211874202;0.00215324820057934
Souffleur de verre;Verrier;0.010109629594007102;0.01526676991637516;97.05244410246819;A — activité attestée;"MJ128; SB174";"Contexte régional ; taille et fréquence locales proposées. Agrégat pondéré par habitants puis actifs ; quartiers et institutions déjà inclus. chapitre régional ; profil territorial proposé Apprentissage, atelier, combustible et outils ; titre noble ne remplace pas qualification.";0.0004863529209734783;0.009155504712787975;0.0004677719602456492
Vitrier;Verrier;0.010109629594007102;0.01526676991637516;97.05244410246819;A — activité attestée;"MJ128; SB174";"Contexte régional ; taille et fréquence locales proposées. Agrégat pondéré par habitants puis actifs ; quartiers et institutions déjà inclus. chapitre régional ; profil territorial proposé Apprentissage, atelier, combustible et outils ; titre noble ne remplace pas qualification.";0.0004863529209734783;0.009155504712787975;0.0004677719602456492
Opticien et fabricant de lentilles;Verrier;0;0;0.0;D — activité déduite;SB174;"Contexte régional ; taille et fréquence locales proposées. Agrégat pondéré par habitants puis actifs ; quartiers et institutions déjà inclus. chapitre régional ; profil territorial proposé Zéro proposé : Aucun profil enfant ne retient ce métier dans le scénario ; ne prouve pas absence canonique. Apprentissage, atelier, combustible et outils ; titre noble ne remplace pas qualification.";0;0;0
Papetier;Papetier et artisan du livre;0.011553862393150975;0.0174477370472859;110.91707897424936;A — activité attestée;SB138;"Contexte régional ; taille et fréquence locales proposées. Agrégat pondéré par habitants puis actifs ; quartiers et institutions déjà inclus. chapitre régional ; profil territorial proposé Apprentissage, atelier, combustible et outils ; titre noble ne remplace pas qualification.";0.0005558319096839752;0.010463433957471971;0.0005345965259950277
Relieur;Papetier et artisan du livre;0.011553862393150975;0.0174477370472859;110.91707897424936;D — activité déduite;"SB138; MJ128";"Contexte régional ; taille et fréquence locales proposées. Agrégat pondéré par habitants puis actifs ; quartiers et institutions déjà inclus. chapitre régional ; profil territorial proposé Apprentissage, atelier, combustible et outils ; titre noble ne remplace pas qualification.";0.0005558319096839752;0.010463433957471971;0.0005345965259950277
Chandelier;Chandelier;0.09640771038087212;0.1455873648844462;925.5140196563724;P — activité proposée;SB98;"Contexte régional ; taille et fréquence locales proposées. Agrégat pondéré par habitants puis actifs ; quartiers et institutions déjà inclus. chapitre régional ; profil territorial proposé Apprentissage, atelier, combustible et outils ; titre noble ne remplace pas qualification.";0.0036080099817204143;0.09010814014842752;0.0026915602507241753
Peintre;Peintre;0.028884655982877438;0.04361934261821474;277.29269743562344;A — activité attestée;"MJ128; SB190";"Contexte régional ; taille et fréquence locales proposées. Agrégat pondéré par habitants puis actifs ; quartiers et institutions déjà inclus. chapitre régional ; profil territorial proposé Apprentissage, atelier, combustible et outils ; titre noble ne remplace pas qualification.";0.0013895797742099376;0.02615858489367993;0.001336491314987569
Fabricant d’enseignes;Peintre;0.011553862393150975;0.0174477370472859;110.91707897424936;A — activité attestée;"MJ128; SB190";"Contexte régional ; taille et fréquence locales proposées. Agrégat pondéré par habitants puis actifs ; quartiers et institutions déjà inclus. chapitre régional ; profil territorial proposé Apprentissage, atelier, combustible et outils ; titre noble ne remplace pas qualification.";0.0005558319096839752;0.010463433957471971;0.0005345965259950277
Enlumineur;Peintre;0.011553862393150975;0.0174477370472859;110.91707897424936;A — activité attestée;"MJ128; SB190";"Contexte régional ; taille et fréquence locales proposées. Agrégat pondéré par habitants puis actifs ; quartiers et institutions déjà inclus. chapitre régional ; profil territorial proposé Apprentissage, atelier, combustible et outils ; titre noble ne remplace pas qualification.";0.0005558319096839752;0.010463433957471971;0.0005345965259950277
Peintre de guerre spirituel;Peintre;0;0;0.0;A — activité attestée;SB193;"Contexte régional ; taille et fréquence locales proposées. Agrégat pondéré par habitants puis actifs ; quartiers et institutions déjà inclus. chapitre régional ; profil territorial proposé Initiation de la Red Mother ou apprentissage autorisé; recette complète non librement disponible Zéro proposé : Aucun profil enfant ne retient ce métier dans le scénario ; ne prouve pas absence canonique. Apprentissage, atelier, combustible et outils ; titre noble ne remplace pas qualification.";0;0;0
Tatoueur rituel;Peintre;0;0;0.0;D — activité déduite;"SB200; SB204";"Contexte régional ; taille et fréquence locales proposées. Agrégat pondéré par habitants puis actifs ; quartiers et institutions déjà inclus. chapitre régional ; profil territorial proposé Zéro proposé : Aucun profil enfant ne retient ce métier dans le scénario ; ne prouve pas absence canonique. Apprentissage, atelier, combustible et outils ; titre noble ne remplace pas qualification.";0;0;0
Portefaix;Transporteur terrestre;0.32665072599719597;0.493282313703391;3135.846969573081;D — activité déduite;"MJ132; SB121";"Contexte régional ; taille et fréquence locales proposées. Agrégat pondéré par habitants puis actifs ; quartiers et institutions déjà inclus. chapitre régional ; profil territorial proposé Réseau, itinéraires, confiance et capital ; manutention distincte de propriété du fret.";0.009463737835000246;0.30549464959497974;0.011692338567216038
Docker;Transporteur terrestre;0.09245693371571453;0.13962121174529465;887.5865636708595;D — activité déduite;"MJ132; SB121";"Contexte régional ; taille et fréquence locales proposées. Agrégat pondéré par habitants puis actifs ; quartiers et institutions déjà inclus. chapitre régional ; profil territorial proposé Réseau, itinéraires, confiance et capital ; manutention distincte de propriété du fret.";0.0032979486985524093;0.08415116351928334;0.005007821497878783
Magasinier;Transporteur terrestre;0.09245693371571452;0.13962121174529463;887.5865636708595;D — activité déduite;"MJ132; SB121";"Contexte régional ; taille et fréquence locales proposées. Agrégat pondéré par habitants puis actifs ; quartiers et institutions déjà inclus. chapitre régional ; profil territorial proposé Réseau, itinéraires, confiance et capital ; manutention distincte de propriété du fret.";0.006368191429297758;0.08125373311557071;0.004835009170846046
Charretier et cocher;Transporteur terrestre;0.32665072599719597;0.493282313703391;3135.846969573081;D — activité déduite;"MJ132; SB121";"Contexte régional ; taille et fréquence locales proposées. Agrégat pondéré par habitants puis actifs ; quartiers et institutions déjà inclus. chapitre régional ; profil territorial proposé Réseau, itinéraires, confiance et capital ; manutention distincte de propriété du fret.";0.018383364893444838;0.2969193063628036;0.011348054740947548
Chef de caravane;Transporteur terrestre;0.32665072599719597;0.493282313703391;3135.846969573081;A — activité attestée;MJ132;"Contexte régional ; taille et fréquence locales proposées. Agrégat pondéré par habitants puis actifs ; quartiers et institutions déjà inclus. chapitre régional ; profil territorial proposé Réseau, itinéraires, confiance et capital ; manutention distincte de propriété du fret.";0.018383364893444838;0.2969193063628036;0.011348054740947548
Coursier et messager;Transporteur terrestre;0.32665072599719597;0.493282313703391;3135.846969573081;D — activité déduite;"MJ132; SB121";"Contexte régional ; taille et fréquence locales proposées. Agrégat pondéré par habitants puis actifs ; quartiers et institutions déjà inclus. chapitre régional ; profil territorial proposé Réseau, itinéraires, confiance et capital ; manutention distincte de propriété du fret.";0.018383364893444838;0.2969193063628036;0.011348054740947548
Porteur d’eau;Transporteur terrestre;0.09245693371571452;0.13962121174529463;887.5865636708595;P — activité proposée;"MJ132; SB121";"Contexte régional ; taille et fréquence locales proposées. Agrégat pondéré par habitants puis actifs ; quartiers et institutions déjà inclus. chapitre régional ; profil territorial proposé Réseau, itinéraires, confiance et capital ; manutention distincte de propriété du fret.";0.006368191429297758;0.08125373311557071;0.004835009170846046
Transporteur de canopée;Transporteur terrestre;0;0;0.0;D — activité déduite;SB154;"Contexte régional ; taille et fréquence locales proposées. Agrégat pondéré par habitants puis actifs ; quartiers et institutions déjà inclus. chapitre régional ; profil territorial proposé Zéro proposé : Aucun profil enfant ne retient ce métier dans le scénario ; ne prouve pas absence canonique. Réseau, itinéraires, confiance et capital ; manutention distincte de propriété du fret.";0;0;0
Opérateur de Stone Disks;Transporteur terrestre;0.0021115220892340106;0.0031886550946227253;20.2706120566465;A — activité attestée;PG13;"Contexte régional ; taille et fréquence locales proposées. Agrégat pondéré par habitants puis actifs ; quartiers et institutions déjà inclus. chapitre régional ; profil territorial proposé Prêtre nain de Dorsi; Formation spécialisée Réseau, itinéraires, confiance et capital ; manutention distincte de propriété du fret.";0.00014107856324306405;0.0018608452263742868;0.00010959829961665985
Palefrenier et soigneur d’écurie;Transporteur terrestre;0.3300758667406062;0.49845469268865505;3168.728320709819;D — activité déduite;SB123;"Contexte régional ; taille et fréquence locales proposées. Agrégat pondéré par habitants puis actifs ; quartiers et institutions déjà inclus. chapitre régional ; profil territorial proposé Réseau, itinéraires, confiance et capital ; manutention distincte de propriété du fret.";0.018660175820258026;0.299536113376275;0.011879577544073183
Marin;Marin;0.12703525955824654;0.1918386881446594;1219.5384917591668;A — activité attestée;MJ136;"Contexte régional ; taille et fréquence locales proposées. Agrégat pondéré par habitants puis actifs ; quartiers et institutions déjà inclus. chapitre régional ; profil territorial proposé Réseau, itinéraires, confiance et capital ; manutention distincte de propriété du fret.";0.007064624350046227;0.11571542805542363;0.0042552071527767
Navigateur;Marin;0.05081410382329862;0.07673547525786378;487.81539670366675;A — activité attestée;MJ136;"Contexte régional ; taille et fréquence locales proposées. Agrégat pondéré par habitants puis actifs ; quartiers et institutions déjà inclus. chapitre régional ; profil territorial proposé Réseau, itinéraires, confiance et capital ; manutention distincte de propriété du fret.";0.00282584974001849;0.04628617122216945;0.0017020828611106797
Pilote de port;Marin;0.01178180510971837;0.0177919582648477;113.10532905329633;D — activité déduite;MJ136;"Contexte régional ; taille et fréquence locales proposées. Agrégat pondéré par habitants puis actifs ; quartiers et institutions déjà inclus. chapitre régional ; profil territorial proposé Réseau, itinéraires, confiance et capital ; manutention distincte de propriété du fret.";0.0008233208293273097;0.010341909014297298;0.0006165752660937622
Capitaine de navire;Marin;0.01178180510971837;0.0177919582648477;113.10532905329633;A — activité attestée;MJ136;"Contexte régional ; taille et fréquence locales proposées. Agrégat pondéré par habitants puis actifs ; quartiers et institutions déjà inclus. chapitre régional ; profil territorial proposé Réseau, itinéraires, confiance et capital ; manutention distincte de propriété du fret.";0.0008233208293273097;0.010341909014297298;0.0006165752660937622
Pilote de véhicule volant;Marin;0;0;0.0;D — activité déduite;"SB142; SB174";"Contexte régional ; taille et fréquence locales proposées. Agrégat pondéré par habitants puis actifs ; quartiers et institutions déjà inclus. chapitre régional ; profil territorial proposé Zéro proposé : Aucun profil enfant ne retient ce métier dans le scénario ; ne prouve pas absence canonique. Réseau, itinéraires, confiance et capital ; manutention distincte de propriété du fret.";0;0;0
Aubergiste;Hôte professionnel;0.10178267912527364;0.15370422123070931;977.1137196026269;D — activité déduite;"SB110; SB123";"Contexte régional ; taille et fréquence locales proposées. Agrégat pondéré par habitants puis actifs ; quartiers et institutions déjà inclus. chapitre régional ; profil territorial proposé Apprentissage et qualification variable ; soins avancés et thérapie magique exigent formation.";0.00047595142350801003;0.0969727138390445;0.0043340138627211335
Tavernier;Hôte professionnel;0.10178267912527364;0.15370422123070931;977.1137196026269;A — activité attestée;"SB108; SB149";"Contexte régional ; taille et fréquence locales proposées. Agrégat pondéré par habitants puis actifs ; quartiers et institutions déjà inclus. chapitre régional ; profil territorial proposé Apprentissage et qualification variable ; soins avancés et thérapie magique exigent formation.";0.00047595142350801003;0.0969727138390445;0.0043340138627211335
Barbier;Barbier;0.1711957722958387;0.2585264318532545;1643.4794140400516;P — activité proposée;"MJ135; PG40";"Contexte régional ; taille et fréquence locales proposées. Agrégat pondéré par habitants puis actifs ; quartiers et institutions déjà inclus. chapitre régional ; profil territorial proposé Apprentissage et qualification variable ; soins avancés et thérapie magique exigent formation.";0.000764804410210628;0.16411208512381342;0.006318882761814672
Domestique;Employé domestique et aide familiale;0.4565220594555699;0.6894038182753454;4382.611770773471;A — activité attestée;"MJ135; PG40";"Contexte régional ; taille et fréquence locales proposées. Agrégat pondéré par habitants puis actifs ; quartiers et institutions déjà inclus. chapitre régional ; profil territorial proposé Apprentissage et qualification variable ; soins avancés et thérapie magique exigent formation.";0.002039478427228341;0.43763222699683574;0.016850354031505792
Gardien d’enfants;Employé domestique et aide familiale;0.22826102972778495;0.3447019091376727;2191.3058853867356;A — activité attestée;PG40;"Contexte régional ; taille et fréquence locales proposées. Agrégat pondéré par habitants puis actifs ; quartiers et institutions déjà inclus. chapitre régional ; profil territorial proposé Apprentissage et qualification variable ; soins avancés et thérapie magique exigent formation.";0.0010197392136141706;0.21881611349841787;0.008425177015752896
Terrassier d’hygiène urbaine;Agent d’entretien;0.045652205945556995;0.06894038182753455;438.26117707734716;P — activité proposée;SB90;"Contexte régional ; taille et fréquence locales proposées. Agrégat pondéré par habitants puis actifs ; quartiers et institutions déjà inclus. chapitre régional ; profil territorial proposé Apprentissage et qualification variable ; soins avancés et thérapie magique exigent formation.";0.00010220831056538623;0.043860969503321134;0.001689028131670469
Ramoneur;Agent d’entretien;0.04565220594555698;0.06894038182753452;438.26117707734704;P — activité proposée;SB90;"Contexte régional ; taille et fréquence locales proposées. Agrégat pondéré par habitants puis actifs ; quartiers et institutions déjà inclus. chapitre régional ; profil territorial proposé Apprentissage et qualification variable ; soins avancés et thérapie magique exigent formation.";0.00020394784272283412;0.04376322269968357;0.001685035403150579
Fossoyeur;Agent funéraire;0.013695661783667096;0.02068211454826036;131.47835312320413;A — activité attestée;"MJ135; SB99; SB182";"Contexte régional ; taille et fréquence locales proposées. Agrégat pondéré par habitants puis actifs ; quartiers et institutions déjà inclus. chapitre régional ; profil territorial proposé Apprentissage et qualification variable ; soins avancés et thérapie magique exigent formation.";6.118435281685025e-05;0.013128966809905074;0.0005055106209451738
Gardien de cimetière;Agent funéraire;0.013695661783667096;0.02068211454826036;131.47835312320413;A — activité attestée;"MJ135; SB99; SB182";"Contexte régional ; taille et fréquence locales proposées. Agrégat pondéré par habitants puis actifs ; quartiers et institutions déjà inclus. chapitre régional ; profil territorial proposé Apprentissage et qualification variable ; soins avancés et thérapie magique exigent formation.";6.118435281685025e-05;0.013128966809905074;0.0005055106209451738
Momificateur;Agent funéraire;0;0;0.0;A — activité attestée;SB182;"Contexte régional ; taille et fréquence locales proposées. Agrégat pondéré par habitants puis actifs ; quartiers et institutions déjà inclus. chapitre régional ; profil territorial proposé Zéro proposé : Aucun profil enfant ne retient ce métier dans le scénario ; ne prouve pas absence canonique. Apprentissage et qualification variable ; soins avancés et thérapie magique exigent formation.";0;0;0
Gardien d’arbres funéraires;Agent funéraire;0;0;0.0;D — activité déduite;SB155;"Contexte régional ; taille et fréquence locales proposées. Agrégat pondéré par habitants puis actifs ; quartiers et institutions déjà inclus. chapitre régional ; profil territorial proposé Zéro proposé : Aucun profil enfant ne retient ce métier dans le scénario ; ne prouve pas absence canonique. Apprentissage et qualification variable ; soins avancés et thérapie magique exigent formation.";0;0;0
Marchand;Marchand;1.2089779633895992;1.8257037242964962;11606.188448540152;A — activité attestée;"MJ128; SB139";"Contexte régional ; taille et fréquence locales proposées. Agrégat pondéré par habitants puis actifs ; quartiers et institutions déjà inclus. chapitre régional ; profil territorial proposé Réseau, itinéraires, confiance et capital ; manutention distincte de propriété du fret.";0.06814619281845659;1.0988612760636194;0.04197049450752327
Colporteur;Marchand;0.48359118535583967;0.7302814897185985;4642.475379416061;A — activité attestée;SB121;"Contexte régional ; taille et fréquence locales proposées. Agrégat pondéré par habitants puis actifs ; quartiers et institutions déjà inclus. chapitre régional ; profil territorial proposé Réseau, itinéraires, confiance et capital ; manutention distincte de propriété du fret.";0.027258477127382632;0.4395445104254477;0.01678819780300931
Courtier;Marchand;0.13230049693361734;0.19978983678145373;1270.0847705627266;A — activité attestée;SB149;"Contexte régional ; taille et fréquence locales proposées. Agrégat pondéré par habitants puis actifs ; quartiers et institutions déjà inclus. chapitre régional ; profil territorial proposé Réseau, itinéraires, confiance et capital ; manutention distincte de propriété du fret.";0.009235716931162005;0.11604615055459827;0.007018629447857051
Commissaire-priseur d’objets magiques;Marchand;0;0;0.0;A — activité attestée;SB139;"Contexte régional ; taille et fréquence locales proposées. Agrégat pondéré par habitants puis actifs ; quartiers et institutions déjà inclus. chapitre régional ; profil territorial proposé Zéro proposé : Aucun profil enfant ne retient ce métier dans le scénario ; ne prouve pas absence canonique. Réseau, itinéraires, confiance et capital ; manutention distincte de propriété du fret.";0;0;0
Comptable;Professionnel de finance;0.12703525955824654;0.1918386881446594;1219.5384917591668;D — activité déduite;"SB212; SB213";"Contexte régional ; taille et fréquence locales proposées. Agrégat pondéré par habitants puis actifs ; quartiers et institutions déjà inclus. chapitre régional ; profil territorial proposé Réseau, itinéraires, confiance et capital ; manutention distincte de propriété du fret.";0.007064624350046227;0.11571542805542363;0.0042552071527767
Banquier et employé de banque;Professionnel de finance;0.002356361021943674;0.0035583916529695393;22.62106581065927;A — activité attestée;"SB212; SB213";"Contexte régional ; taille et fréquence locales proposées. Agrégat pondéré par habitants puis actifs ; quartiers et institutions déjà inclus. chapitre régional ; profil territorial proposé Réseau, itinéraires, confiance et capital ; manutention distincte de propriété du fret.";0.00016466416586546193;0.0020683818028594597;0.00012331505321875244
Usurier et prêteur sur gages;Professionnel de finance;0.029454512774295918;0.04447989566211923;282.7633226332408;D — activité déduite;"SB212; SB213";"Contexte régional ; taille et fréquence locales proposées. Agrégat pondéré par habitants puis actifs ; quartiers et institutions déjà inclus. chapitre régional ; profil territorial proposé Réseau, itinéraires, confiance et capital ; manutention distincte de propriété du fret.";0.0020583020733182748;0.02585477253574324;0.0015414381652344056
Changeur;Professionnel de finance;0.029454512774295918;0.04447989566211923;282.7633226332408;D — activité déduite;"SB212; SB213";"Contexte régional ; taille et fréquence locales proposées. Agrégat pondéré par habitants puis actifs ; quartiers et institutions déjà inclus. chapitre régional ; profil territorial proposé Réseau, itinéraires, confiance et capital ; manutention distincte de propriété du fret.";0.0020583020733182748;0.02585477253574324;0.0015414381652344056
Assureur;Professionnel de finance;0.002356361021943674;0.0035583916529695393;22.62106581065927;D — activité déduite;"SB212; SB213";"Contexte régional ; taille et fréquence locales proposées. Agrégat pondéré par habitants puis actifs ; quartiers et institutions déjà inclus. chapitre régional ; profil territorial proposé Réseau, itinéraires, confiance et capital ; manutention distincte de propriété du fret.";0.00016466416586546193;0.0020683818028594597;0.00012331505321875244
Estimateur;Professionnel de finance;0.002356361021943674;0.0035583916529695393;22.62106581065927;A — activité attestée;"SB212; SB213";"Contexte régional ; taille et fréquence locales proposées. Agrégat pondéré par habitants puis actifs ; quartiers et institutions déjà inclus. chapitre régional ; profil territorial proposé Réseau, itinéraires, confiance et capital ; manutention distincte de propriété du fret.";0.00016466416586546193;0.0020683818028594597;0.00012331505321875244
Négociateur;Professionnel de finance;0.002356361021943674;0.0035583916529695393;22.62106581065927;A — activité attestée;"SB212; SB213";"Contexte régional ; taille et fréquence locales proposées. Agrégat pondéré par habitants puis actifs ; quartiers et institutions déjà inclus. chapitre régional ; profil territorial proposé Réseau, itinéraires, confiance et capital ; manutention distincte de propriété du fret.";0.00016466416586546193;0.0020683818028594597;0.00012331505321875244
Scribe;Scribe et auteur;0.05917576874513039;0.0893626059843054;568.0873799532517;A — activité attestée;"MJ128; SB32";"Contexte régional ; taille et fréquence locales proposées. Agrégat pondéré par habitants puis actifs ; quartiers et institutions déjà inclus. chapitre régional ; profil territorial proposé Instruction, autorisation ou initiation ; clergé, caste et office ne rendent pas noble.";0.003470739626581744;0.05540252817354299;0.0003025009450056582
Calligraphe;Scribe et auteur;0.01816907359856748;0.027437510310708752;174.42310654624782;A — activité attestée;"MJ128; SB32";"Contexte régional ; taille et fréquence locales proposées. Agrégat pondéré par habitants puis actifs ; quartiers et institutions déjà inclus. chapitre régional ; profil territorial proposé Instruction, autorisation ou initiation ; clergé, caste et office ne rendent pas noble.";0.0013152977452344468;0.016713552304319736;0.00014022354901329964
Écrivain;Scribe et auteur;0.009822992111259563;0.014833912465187263;94.3007242680918;A — activité attestée;"MJ128; SB32";"Contexte régional ; taille et fréquence locales proposées. Agrégat pondéré par habitants puis actifs ; quartiers et institutions déjà inclus. chapitre régional ; profil territorial proposé Long apprentissage, frais, bourses, talent, licence ou secret ; titre ne donne pas maîtrise.";0.0011289339814826733;0.008658957614212662;3.5100515564227384e-05
Journaliste et rédacteur;Scribe et auteur;0.009822992111259563;0.014833912465187263;94.3007242680918;A — activité attestée;CC9;"Contexte régional ; taille et fréquence locales proposées. Agrégat pondéré par habitants puis actifs ; quartiers et institutions déjà inclus. chapitre régional ; profil territorial proposé Long apprentissage, frais, bourses, talent, licence ou secret ; titre ne donne pas maîtrise.";0.0011289339814826733;0.008658957614212662;3.5100515564227384e-05
Traducteur;Scribe et auteur;0.01816907359856748;0.027437510310708752;174.42310654624782;D — activité déduite;SB198;"Contexte régional ; taille et fréquence locales proposées. Agrégat pondéré par habitants puis actifs ; quartiers et institutions déjà inclus. chapitre régional ; profil territorial proposé Instruction, autorisation ou initiation ; clergé, caste et office ne rendent pas noble.";0.0013152977452344468;0.016713552304319736;0.00014022354901329964
Bibliothécaire;Érudit;0.011809897839068864;0.01783438170196069;113.3750192550611;A — activité attestée;MJ138;"Contexte régional ; taille et fréquence locales proposées. Agrégat pondéré par habitants puis actifs ; quartiers et institutions déjà inclus. chapitre régional ; profil territorial proposé Instruction, autorisation ou initiation ; clergé, caste et office ne rendent pas noble.";0.0008549435344023907;0.010863808997807829;9.114530685864475e-05
Conservateur de musée;Érudit;0.011809897839068864;0.01783438170196069;113.3750192550611;A — activité attestée;PG48;"Contexte régional ; taille et fréquence locales proposées. Agrégat pondéré par habitants puis actifs ; quartiers et institutions déjà inclus. chapitre régional ; profil territorial proposé Instruction, autorisation ou initiation ; clergé, caste et office ne rendent pas noble.";0.0008549435344023907;0.010863808997807829;9.114530685864475e-05
Historien;Érudit;0.006384944872318716;0.009642043102371722;61.29547077425968;A — activité attestée;PG46;"Contexte régional ; taille et fréquence locales proposées. Agrégat pondéré par habitants puis actifs ; quartiers et institutions déjà inclus. chapitre régional ; profil territorial proposé Long apprentissage, frais, bourses, talent, licence ou secret ; titre ne donne pas maîtrise.";0.0007338070879637377;0.0056283224492382315;2.28153351167478e-05
Astronome;Érudit;0.006384944872318716;0.009642043102371722;61.29547077425968;A — activité attestée;MJ138;"Contexte régional ; taille et fréquence locales proposées. Agrégat pondéré par habitants puis actifs ; quartiers et institutions déjà inclus. chapitre régional ; profil territorial proposé Long apprentissage, frais, bourses, talent, licence ou secret ; titre ne donne pas maîtrise.";0.0007338070879637377;0.0056283224492382315;2.28153351167478e-05
Chercheur non arcanique;Érudit;0.006384944872318716;0.009642043102371722;61.29547077425968;A — activité attestée;"MJ138; PG46";"Contexte régional ; taille et fréquence locales proposées. Agrégat pondéré par habitants puis actifs ; quartiers et institutions déjà inclus. chapitre régional ; profil territorial proposé Long apprentissage, frais, bourses, talent, licence ou secret ; titre ne donne pas maîtrise.";0.0007338070879637377;0.0056283224492382315;2.28153351167478e-05
Mathématicien;Érudit;0.004469461410623101;0.006749430171660205;42.90682954198177;A — activité attestée;SB174;"Contexte régional ; taille et fréquence locales proposées. Agrégat pondéré par habitants puis actifs ; quartiers et institutions déjà inclus. chapitre régional ; profil territorial proposé Long apprentissage, frais, bourses, talent, licence ou secret ; titre ne donne pas maîtrise.";0.0005136649615746164;0.003939825714466761;1.5970734581723457e-05
Philosophe;Érudit;0.004469461410623101;0.006749430171660205;42.90682954198177;A — activité attestée;SB178;"Contexte régional ; taille et fréquence locales proposées. Agrégat pondéré par habitants puis actifs ; quartiers et institutions déjà inclus. chapitre régional ; profil territorial proposé Long apprentissage, frais, bourses, talent, licence ou secret ; titre ne donne pas maîtrise.";0.0005136649615746164;0.003939825714466761;1.5970734581723457e-05
Archéologue;Érudit;0.006384944872318716;0.009642043102371722;61.29547077425968;D — activité déduite;PG48;"Contexte régional ; taille et fréquence locales proposées. Agrégat pondéré par habitants puis actifs ; quartiers et institutions déjà inclus. chapitre régional ; profil territorial proposé Long apprentissage, frais, bourses, talent, licence ou secret ; titre ne donne pas maîtrise.";0.0007338070879637377;0.0056283224492382315;2.28153351167478e-05
Professeur;Enseignant;0.050299403433360826;0.07595821508665959;482.8742729602639;A — activité attestée;"MJ138; SB141";"Contexte régional ; taille et fréquence locales proposées. Agrégat pondéré par habitants puis actifs ; quartiers et institutions déjà inclus. chapitre régional ; profil territorial proposé Instruction, autorisation ou initiation ; clergé, caste et office ne rendent pas noble.";0.002950128682594483;0.047092148947511535;0.00025712580325480943
Enseignant de magie arcanique;Enseignant;0.00025048629883711886;0.00037826476786227524;2.404668468836341;A — activité attestée;SB141;"Contexte régional ; taille et fréquence locales proposées. Agrégat pondéré par habitants puis actifs ; quartiers et institutions déjà inclus. chapitre régional ; profil territorial proposé Long apprentissage, frais, bourses, talent, licence ou secret ; titre ne donne pas maîtrise.";2.8787816527808167e-05;0.0002208034191624229;8.950631468877983e-07
Instructeur martial;Enseignant;0;0;0.0;A — activité attestée;SB94;"Contexte régional ; taille et fréquence locales proposées. Agrégat pondéré par habitants puis actifs ; quartiers et institutions déjà inclus. chapitre régional ; profil territorial proposé Zéro proposé : Aucun profil enfant ne retient ce métier dans le scénario ; ne prouve pas absence canonique. Instruction, autorisation ou initiation ; clergé, caste et office ne rendent pas noble.";0;0;0
Formateur de tir à l’arc;Enseignant;0;0;0.0;A — activité attestée;SB155;"Contexte régional ; taille et fréquence locales proposées. Agrégat pondéré par habitants puis actifs ; quartiers et institutions déjà inclus. chapitre régional ; profil territorial proposé Zéro proposé : Aucun profil enfant ne retient ce métier dans le scénario ; ne prouve pas absence canonique. Instruction, autorisation ou initiation ; clergé, caste et office ne rendent pas noble.";0;0;0
Ingénieur;Ingénieur;0.012278740139074455;0.018542390581484082;117.87590533511477;A — activité attestée;SB174;"Contexte régional ; taille et fréquence locales proposées. Agrégat pondéré par habitants puis actifs ; quartiers et institutions déjà inclus. chapitre régional ; profil territorial proposé Long apprentissage, frais, bourses, talent, licence ou secret ; titre ne donne pas maîtrise.";0.0014111674768533414;0.010823697017765829;4.3875644455284225e-05
Inventeur;Ingénieur;0.0029468976333778692;0.004450173739556179;28.290217280427544;A — activité attestée;SB178;"Contexte régional ; taille et fréquence locales proposées. Agrégat pondéré par habitants puis actifs ; quartiers et institutions déjà inclus. chapitre régional ; profil territorial proposé Long apprentissage, frais, bourses, talent, licence ou secret ; titre ne donne pas maîtrise.";0.0003386801944448021;0.0025976872842637987;1.0530154669268213e-05
Ingénieur mystique;Ingénieur;0.004911496055629782;0.007416956232593632;47.1503621340459;A — activité attestée;SB174;"Contexte régional ; taille et fréquence locales proposées. Agrégat pondéré par habitants puis actifs ; quartiers et institutions déjà inclus. chapitre régional ; profil territorial proposé Long apprentissage, frais, bourses, talent, licence ou secret ; titre ne donne pas maîtrise.";0.0005644669907413366;0.004329478807106331;1.7550257782113692e-05
Créateur et mainteneur de golems;Ingénieur;0.004911496055629782;0.007416956232593632;47.1503621340459;D — activité déduite;SB174;"Contexte régional ; taille et fréquence locales proposées. Agrégat pondéré par habitants puis actifs ; quartiers et institutions déjà inclus. chapitre régional ; profil territorial proposé Long apprentissage, frais, bourses, talent, licence ou secret ; titre ne donne pas maîtrise.";0.0005644669907413366;0.004329478807106331;1.7550257782113692e-05
Chercheur en golems;Ingénieur;0.0039291968445038265;0.005933564986074908;37.72028970723673;A — activité attestée;SB178;"Contexte régional ; taille et fréquence locales proposées. Agrégat pondéré par habitants puis actifs ; quartiers et institutions déjà inclus. chapitre régional ; profil territorial proposé Long apprentissage, frais, bourses, talent, licence ou secret ; titre ne donne pas maîtrise.";0.0004515735925930695;0.0034635830456850657;1.4040206225690954e-05
Ingénieur de réacteurs de bauronite;Ingénieur;0;0;0.0;D — activité déduite;SB174;"Contexte régional ; taille et fréquence locales proposées. Agrégat pondéré par habitants puis actifs ; quartiers et institutions déjà inclus. chapitre régional ; profil territorial proposé Accès aux secrets des réacteurs; savoir détenu par un petit nombre Zéro proposé : Aucun profil enfant ne retient ce métier dans le scénario ; ne prouve pas absence canonique. Long apprentissage, frais, bourses, talent, licence ou secret ; titre ne donne pas maîtrise.";0;0;0
Technicien de communication runique;Ingénieur;0;0;0.0;D — activité déduite;SB174;"Contexte régional ; taille et fréquence locales proposées. Agrégat pondéré par habitants puis actifs ; quartiers et institutions déjà inclus. chapitre régional ; profil territorial proposé Zéro proposé : Aucun profil enfant ne retient ce métier dans le scénario ; ne prouve pas absence canonique. Long apprentissage, frais, bourses, talent, licence ou secret ; titre ne donne pas maîtrise.";0;0;0
Chercheur en magie;Praticien des services arcaniques;0.00014734488166889346;0.00022250868697780898;1.4145108640213773;A — activité attestée;"SB138; SB139";"Contexte régional ; taille et fréquence locales proposées. Agrégat pondéré par habitants puis actifs ; quartiers et institutions déjà inclus. chapitre régional ; profil territorial proposé Long apprentissage, frais, bourses, talent, licence ou secret ; titre ne donne pas maîtrise.";1.6934009722240104e-05;0.00012988436421318994;5.265077334634105e-07
Fabricant d’objets magiques;Praticien des services arcaniques;0.004911496055629782;0.007416956232593632;47.1503621340459;A — activité attestée;SB138;"Contexte régional ; taille et fréquence locales proposées. Agrégat pondéré par habitants puis actifs ; quartiers et institutions déjà inclus. chapitre régional ; profil territorial proposé Long apprentissage, frais, bourses, talent, licence ou secret ; titre ne donne pas maîtrise.";0.0005644669907413366;0.004329478807106331;1.7550257782113692e-05
Fabricant de parchemins magiques;Praticien des services arcaniques;0.004911496055629782;0.007416956232593632;47.1503621340459;A — activité attestée;SB138;"Contexte régional ; taille et fréquence locales proposées. Agrégat pondéré par habitants puis actifs ; quartiers et institutions déjà inclus. chapitre régional ; profil territorial proposé Long apprentissage, frais, bourses, talent, licence ou secret ; titre ne donne pas maîtrise.";0.0005644669907413366;0.004329478807106331;1.7550257782113692e-05
Nécromancien de service;Praticien des services arcaniques;0.004911496055629782;0.007416956232593632;47.1503621340459;D — activité déduite;"SB108; SB170";"Contexte régional ; taille et fréquence locales proposées. Agrégat pondéré par habitants puis actifs ; quartiers et institutions déjà inclus. chapitre régional ; profil territorial proposé Long apprentissage, frais, bourses, talent, licence ou secret ; titre ne donne pas maîtrise.";0.0005644669907413366;0.004329478807106331;1.7550257782113692e-05
Illusionniste de service;Praticien des services arcaniques;0.004911496055629782;0.007416956232593632;47.1503621340459;D — activité déduite;"SB107; SB142";"Contexte régional ; taille et fréquence locales proposées. Agrégat pondéré par habitants puis actifs ; quartiers et institutions déjà inclus. chapitre régional ; profil territorial proposé Long apprentissage, frais, bourses, talent, licence ou secret ; titre ne donne pas maîtrise.";0.0005644669907413366;0.004329478807106331;1.7550257782113692e-05
Chercheur en aethermancy;Praticien des services arcaniques;0;0;0.0;A — activité attestée;SB140;"Contexte régional ; taille et fréquence locales proposées. Agrégat pondéré par habitants puis actifs ; quartiers et institutions déjà inclus. chapitre régional ; profil territorial proposé Zéro proposé : Aucun profil enfant ne retient ce métier dans le scénario ; ne prouve pas absence canonique. Long apprentissage, frais, bourses, talent, licence ou secret ; titre ne donne pas maîtrise.";0;0;0
Chercheur en biomancy;Praticien des services arcaniques;0;0;0.0;A — activité attestée;SB140;"Contexte régional ; taille et fréquence locales proposées. Agrégat pondéré par habitants puis actifs ; quartiers et institutions déjà inclus. chapitre régional ; profil territorial proposé Zéro proposé : Aucun profil enfant ne retient ce métier dans le scénario ; ne prouve pas absence canonique. Long apprentissage, frais, bourses, talent, licence ou secret ; titre ne donne pas maîtrise.";0;0;0
Désenchanteur et récupérateur arcanique;Praticien des services arcaniques;0;0;0.0;A — activité attestée;SB139;"Contexte régional ; taille et fréquence locales proposées. Agrégat pondéré par habitants puis actifs ; quartiers et institutions déjà inclus. chapitre régional ; profil territorial proposé Zéro proposé : Aucun profil enfant ne retient ce métier dans le scénario ; ne prouve pas absence canonique. Long apprentissage, frais, bourses, talent, licence ou secret ; titre ne donne pas maîtrise.";0;0;0
Extracteur de mémoire;Praticien des services arcaniques;0;0;0.0;A — activité attestée;SB140;"Contexte régional ; taille et fréquence locales proposées. Agrégat pondéré par habitants puis actifs ; quartiers et institutions déjà inclus. chapitre régional ; profil territorial proposé Zéro proposé : Aucun profil enfant ne retient ce métier dans le scénario ; ne prouve pas absence canonique. Long apprentissage, frais, bourses, talent, licence ou secret ; titre ne donne pas maîtrise.";0;0;0
Certificateur et inspecteur arcanique;Praticien des services arcaniques;0;0;0.0;A — activité attestée;SB139;"Contexte régional ; taille et fréquence locales proposées. Agrégat pondéré par habitants puis actifs ; quartiers et institutions déjà inclus. chapitre régional ; profil territorial proposé Zéro proposé : Aucun profil enfant ne retient ce métier dans le scénario ; ne prouve pas absence canonique. Long apprentissage, frais, bourses, talent, licence ou secret ; titre ne donne pas maîtrise.";0;0;0
Opérateur de transport magique;Praticien des services arcaniques;0.004911496055629782;0.007416956232593632;47.1503621340459;D — activité déduite;SB142;"Contexte régional ; taille et fréquence locales proposées. Agrégat pondéré par habitants puis actifs ; quartiers et institutions déjà inclus. chapitre régional ; profil territorial proposé Long apprentissage, frais, bourses, talent, licence ou secret ; titre ne donne pas maîtrise.";0.0005644669907413366;0.004329478807106331;1.7550257782113692e-05
Restaurateur de runes de tunnels;Praticien des services arcaniques;0.004911496055629782;0.007416956232593632;47.1503621340459;A — activité attestée;SB161;"Contexte régional ; taille et fréquence locales proposées. Agrégat pondéré par habitants puis actifs ; quartiers et institutions déjà inclus. chapitre régional ; profil territorial proposé Long apprentissage, frais, bourses, talent, licence ou secret ; titre ne donne pas maîtrise.";0.0005644669907413366;0.004329478807106331;1.7550257782113692e-05
Artificier psychique;Praticien des services arcaniques;0;0;0.0;A — activité attestée;PG8;"Contexte régional ; taille et fréquence locales proposées. Agrégat pondéré par habitants puis actifs ; quartiers et institutions déjà inclus. chapitre régional ; profil territorial proposé Zéro proposé : Aucun profil enfant ne retient ce métier dans le scénario ; ne prouve pas absence canonique. Long apprentissage, frais, bourses, talent, licence ou secret ; titre ne donne pas maîtrise.";0;0;0
Guérisseur;Soigneur;0.03880437505372344;0.05859932455340436;372.52200051574505;A — activité attestée;"MJ141; PG36";"Contexte régional ; taille et fréquence locales proposées. Agrégat pondéré par habitants puis actifs ; quartiers et institutions déjà inclus. chapitre régional ; profil territorial proposé Apprentissage et qualification variable ; soins avancés et thérapie magique exigent formation.";0.00017335566631440899;0.03719873929473104;0.0014322800926779922
Chirurgien;Soigneur;0.004558624616415597;0.006884077453757204;43.76279631758974;P — activité proposée;"MJ141; PG36";"Contexte régional ; taille et fréquence locales proposées. Agrégat pondéré par habitants puis actifs ; quartiers et institutions déjà inclus. chapitre régional ; profil territorial proposé Apprentissage et qualification variable ; soins avancés et thérapie magique exigent formation.";2.1505742745359196e-05;0.004351137070695488;0.00018598180297474994
Praticien de psychosurgery;Soigneur;0;0;0.0;D — activité déduite;SB94;"Contexte régional ; taille et fréquence locales proposées. Agrégat pondéré par habitants puis actifs ; quartiers et institutions déjà inclus. chapitre régional ; profil territorial proposé Zéro proposé : Aucun profil enfant ne retient ce métier dans le scénario ; ne prouve pas absence canonique. Apprentissage et qualification variable ; soins avancés et thérapie magique exigent formation.";0;0;0
Opérateur de thérapie onirique;Soigneur;0;0;0.0;D — activité déduite;"SB141; SB228";"Contexte régional ; taille et fréquence locales proposées. Agrégat pondéré par habitants puis actifs ; quartiers et institutions déjà inclus. chapitre régional ; profil territorial proposé Zéro proposé : Aucun profil enfant ne retient ce métier dans le scénario ; ne prouve pas absence canonique. Apprentissage et qualification variable ; soins avancés et thérapie magique exigent formation.";0;0;0
Prêtre et officiant;Officiant religieux;0.0887636531176956;0.13404390897645813;852.1310699298778;A — activité attestée;"MJ127; SB182";"Contexte régional ; taille et fréquence locales proposées. Agrégat pondéré par habitants puis actifs ; quartiers et institutions déjà inclus. chapitre régional ; profil territorial proposé Instruction, autorisation ou initiation ; clergé, caste et office ne rendent pas noble.";0.005206109439872617;0.08310379226031449;0.0004537514175084873
Acolyte;Officiant religieux;0.0887636531176956;0.13404390897645813;852.1310699298778;A — activité attestée;"MJ127; SB182";"Contexte régional ; taille et fréquence locales proposées. Agrégat pondéré par habitants puis actifs ; quartiers et institutions déjà inclus. chapitre régional ; profil territorial proposé Instruction, autorisation ou initiation ; clergé, caste et office ne rendent pas noble.";0.005206109439872617;0.08310379226031449;0.0004537514175084873
Shaman;Officiant religieux;0.0887636531176956;0.13404390897645813;852.1310699298778;A — activité attestée;"SB129; SB191";"Contexte régional ; taille et fréquence locales proposées. Agrégat pondéré par habitants puis actifs ; quartiers et institutions déjà inclus. chapitre régional ; profil territorial proposé Instruction, autorisation ou initiation ; clergé, caste et office ne rendent pas noble.";0.005206109439872617;0.08310379226031449;0.0004537514175084873
Sugenja;Officiant religieux;0;0;0.0;A — activité attestée;SB198;"Contexte régional ; taille et fréquence locales proposées. Agrégat pondéré par habitants puis actifs ; quartiers et institutions déjà inclus. chapitre régional ; profil territorial proposé Zéro proposé : Aucun profil enfant ne retient ce métier dans le scénario ; ne prouve pas absence canonique. Instruction, autorisation ou initiation ; clergé, caste et office ne rendent pas noble.";0;0;0
Gardien et officiant druidique;Officiant religieux;0.0887636531176956;0.13404390897645813;852.1310699298778;A — activité attestée;SB153;"Contexte régional ; taille et fréquence locales proposées. Agrégat pondéré par habitants puis actifs ; quartiers et institutions déjà inclus. chapitre régional ; profil territorial proposé Instruction, autorisation ou initiation ; clergé, caste et office ne rendent pas noble.";0.005206109439872617;0.08310379226031449;0.0004537514175084873
Gardien-purificateur de Mother Tree;Officiant religieux;0;0;0.0;A — activité attestée;SB153;"Contexte régional ; taille et fréquence locales proposées. Agrégat pondéré par habitants puis actifs ; quartiers et institutions déjà inclus. chapitre régional ; profil territorial proposé Zéro proposé : Aucun profil enfant ne retient ce métier dans le scénario ; ne prouve pas absence canonique. Instruction, autorisation ou initiation ; clergé, caste et office ne rendent pas noble.";0;0;0
Officiant des rites Ba-Akhu;Officiant religieux;0;0;0.0;A — activité attestée;SB184;"Contexte régional ; taille et fréquence locales proposées. Agrégat pondéré par habitants puis actifs ; quartiers et institutions déjà inclus. chapitre régional ; profil territorial proposé Zéro proposé : Aucun profil enfant ne retient ce métier dans le scénario ; ne prouve pas absence canonique. Instruction, autorisation ou initiation ; clergé, caste et office ne rendent pas noble.";0;0;0
Garde et sentinelle;Garde et surveillant;0.07443119935272521;0.11240016110892037;714.5395137861619;A — activité attestée;"MJ140; SB90";"Contexte régional ; taille et fréquence locales proposées. Agrégat pondéré par habitants puis actifs ; quartiers et institutions déjà inclus. chapitre régional ; profil territorial proposé Entraînement, loyauté, armes et habilitations ; aucun métier verrouillé par naissance sauf source explicite.";0.0021040936753293697;0.07133840110371667;0.0009887045736791831
Garde du corps;Garde et surveillant;0.07443119935272521;0.11240016110892037;714.5395137861619;A — activité attestée;"MJ140; SB90";"Contexte régional ; taille et fréquence locales proposées. Agrégat pondéré par habitants puis actifs ; quartiers et institutions déjà inclus. chapitre régional ; profil territorial proposé Entraînement, loyauté, armes et habilitations ; aucun métier verrouillé par naissance sauf source explicite.";0.0021040936753293697;0.07133840110371667;0.0009887045736791831
Soldat;Combattant professionnel;0.2700163033333333;0.40775744930395985;2592.156512;A — activité attestée;"MJ140; SB90";"Contexte régional ; taille et fréquence locales proposées. Agrégat pondéré par habitants puis actifs ; quartiers et institutions déjà inclus. chapitre régional ; profil territorial proposé Entraînement, loyauté, armes et habilitations ; aucun métier verrouillé par naissance sauf source explicite.";0.008425273447498995;0.2573847800605623;0.004206249825272021
Mercenaire;Combattant professionnel;0.08101459681667772;0.12234189175450114;777.7401294401061;A — activité attestée;"MJ140; SB90";"Contexte régional ; taille et fréquence locales proposées. Agrégat pondéré par habitants puis actifs ; quartiers et institutions déjà inclus. chapitre régional ; profil territorial proposé Entraînement, loyauté, armes et habilitations ; aucun métier verrouillé par naissance sauf source explicite.";0.002395023028596875;0.07723184598647254;0.0013877278016083123
Éclaireur;Combattant professionnel;0.07443119935272521;0.11240016110892037;714.5395137861619;A — activité attestée;"MJ140; SB90";"Contexte régional ; taille et fréquence locales proposées. Agrégat pondéré par habitants puis actifs ; quartiers et institutions déjà inclus. chapitre régional ; profil territorial proposé Entraînement, loyauté, armes et habilitations ; aucun métier verrouillé par naissance sauf source explicite.";0.0021040936753293697;0.07133840110371667;0.0009887045736791831
Chasseur de primes;Combattant professionnel;0.07443119935272521;0.11240016110892037;714.5395137861619;A — activité attestée;MJ140;"Contexte régional ; taille et fréquence locales proposées. Agrégat pondéré par habitants puis actifs ; quartiers et institutions déjà inclus. chapitre régional ; profil territorial proposé Entraînement, loyauté, armes et habilitations ; aucun métier verrouillé par naissance sauf source explicite.";0.0021040936753293697;0.07133840110371667;0.0009887045736791831
Gladiateur;Combattant professionnel;0.07443119935272521;0.11240016110892037;714.5395137861619;A — activité attestée;MJ130;"Contexte régional ; taille et fréquence locales proposées. Agrégat pondéré par habitants puis actifs ; quartiers et institutions déjà inclus. chapitre régional ; profil territorial proposé Entraînement, loyauté, armes et habilitations ; aucun métier verrouillé par naissance sauf source explicite.";0.0021040936753293697;0.07133840110371667;0.0009887045736791831
Champion d’arène;Combattant professionnel;0.07443119935272521;0.11240016110892037;714.5395137861619;A — activité attestée;SB90;"Contexte régional ; taille et fréquence locales proposées. Agrégat pondéré par habitants puis actifs ; quartiers et institutions déjà inclus. chapitre régional ; profil territorial proposé Entraînement, loyauté, armes et habilitations ; aucun métier verrouillé par naissance sauf source explicite.";0.0021040936753293697;0.07133840110371667;0.0009887045736791831
Veilleur de nuit;Garde et surveillant;0.07443119935272521;0.11240016110892037;714.5395137861619;P — activité proposée;"MJ140; SB90";"Contexte régional ; taille et fréquence locales proposées. Agrégat pondéré par habitants puis actifs ; quartiers et institutions déjà inclus. chapitre régional ; profil territorial proposé Entraînement, loyauté, armes et habilitations ; aucun métier verrouillé par naissance sauf source explicite.";0.0021040936753293697;0.07133840110371667;0.0009887045736791831
Guide;Guide;0.2121755857210393;0.32041093285904676;2036.8856229219775;A — activité attestée;MJ140;"Contexte régional ; taille et fréquence locales proposées. Agrégat pondéré par habitants puis actifs ; quartiers et institutions déjà inclus. chapitre régional ; profil territorial proposé Réseau, itinéraires, confiance et capital ; manutention distincte de propriété du fret.";0.014892533635150994;0.18556282002377764;0.011720232062110699
Gardien de domaine;Garde et surveillant;0.07443119935272521;0.11240016110892037;714.5395137861619;A — activité attestée;MJ140;"Contexte régional ; taille et fréquence locales proposées. Agrégat pondéré par habitants puis actifs ; quartiers et institutions déjà inclus. chapitre régional ; profil territorial proposé Entraînement, loyauté, armes et habilitations ; aucun métier verrouillé par naissance sauf source explicite.";0.0021040936753293697;0.07133840110371667;0.0009887045736791831
Spellshield;Protecteur et contrôleur arcanique;0;0;0.0;A — activité attestée;SB140;"Contexte régional ; taille et fréquence locales proposées. Agrégat pondéré par habitants puis actifs ; quartiers et institutions déjà inclus. chapitre régional ; profil territorial proposé Zéro proposé : Aucun profil enfant ne retient ce métier dans le scénario ; ne prouve pas absence canonique. Entraînement, loyauté, armes et habilitations ; aucun métier verrouillé par naissance sauf source explicite.";0;0;0
Warden des Arcane Enforcers;Protecteur et contrôleur arcanique;0;0;0.0;A — activité attestée;SB140;"Contexte régional ; taille et fréquence locales proposées. Agrégat pondéré par habitants puis actifs ; quartiers et institutions déjà inclus. chapitre régional ; profil territorial proposé Zéro proposé : Aucun profil enfant ne retient ce métier dans le scénario ; ne prouve pas absence canonique. Entraînement, loyauté, armes et habilitations ; aucun métier verrouillé par naissance sauf source explicite.";0;0;0
Inquisiteur;Garde et surveillant;0;0;0.0;A — activité attestée;SB29;"Contexte régional ; taille et fréquence locales proposées. Agrégat pondéré par habitants puis actifs ; quartiers et institutions déjà inclus. chapitre régional ; profil territorial proposé Zéro proposé : Aucun profil enfant ne retient ce métier dans le scénario ; ne prouve pas absence canonique. Entraînement, loyauté, armes et habilitations ; aucun métier verrouillé par naissance sauf source explicite.";0;0;0
Mage impérial chargé du contrôle;Protecteur et contrôleur arcanique;0;0;0.0;A — activité attestée;SB98;"Contexte régional ; taille et fréquence locales proposées. Agrégat pondéré par habitants puis actifs ; quartiers et institutions déjà inclus. chapitre régional ; profil territorial proposé Zéro proposé : Aucun profil enfant ne retient ce métier dans le scénario ; ne prouve pas absence canonique. Entraînement, loyauté, armes et habilitations ; aucun métier verrouillé par naissance sauf source explicite.";0;0;0
Chasseur de morts-vivants;Combattant professionnel;0.07443119935272521;0.11240016110892037;714.5395137861619;A — activité attestée;SB210;"Contexte régional ; taille et fréquence locales proposées. Agrégat pondéré par habitants puis actifs ; quartiers et institutions déjà inclus. chapitre régional ; profil territorial proposé Entraînement, loyauté, armes et habilitations ; aucun métier verrouillé par naissance sauf source explicite.";0.0021040936753293697;0.07133840110371667;0.0009887045736791831
Détective;Enquêteur et agent de renseignement;0.005228343737731009;0.007895434758062429;50.19209988221769;A — activité attestée;"PG9; BR42";"Contexte régional ; taille et fréquence locales proposées. Agrégat pondéré par habitants puis actifs ; quartiers et institutions déjà inclus. chapitre régional ; profil territorial proposé Entraînement, loyauté, armes et habilitations ; aucun métier verrouillé par naissance sauf source explicite.";0.00014639603011369376;0.005016670013442853;6.527769417446222e-05
Espion;Enquêteur et agent de renseignement;0.005228343737731009;0.007895434758062429;50.19209988221769;A — activité attestée;"PG9; BR42";"Contexte régional ; taille et fréquence locales proposées. Agrégat pondéré par habitants puis actifs ; quartiers et institutions déjà inclus. chapitre régional ; profil territorial proposé Entraînement, loyauté, armes et habilitations ; aucun métier verrouillé par naissance sauf source explicite.";0.00014639603011369376;0.005016670013442853;6.527769417446222e-05
Détective arcanique;Enquêteur et agent de renseignement;0;0;0.0;A — activité attestée;SB140;"Contexte régional ; taille et fréquence locales proposées. Agrégat pondéré par habitants puis actifs ; quartiers et institutions déjà inclus. chapitre régional ; profil territorial proposé Zéro proposé : Aucun profil enfant ne retient ce métier dans le scénario ; ne prouve pas absence canonique. Entraînement, loyauté, armes et habilitations ; aucun métier verrouillé par naissance sauf source explicite.";0;0;0
Fonctionnaire;Administrateur et juriste;0.14793942186282596;0.22340651496076347;1420.2184498831293;A — activité attestée;"SB90; SB213";"Contexte régional ; taille et fréquence locales proposées. Agrégat pondéré par habitants puis actifs ; quartiers et institutions déjà inclus. chapitre régional ; profil territorial proposé Instruction, autorisation ou initiation ; clergé, caste et office ne rendent pas noble.";0.00867684906645436;0.13850632043385747;0.0007562523625141453
Percepteur;Administrateur et juriste;0.14793942186282596;0.22340651496076347;1420.2184498831293;A — activité attestée;SB132;"Contexte régional ; taille et fréquence locales proposées. Agrégat pondéré par habitants puis actifs ; quartiers et institutions déjà inclus. chapitre régional ; profil territorial proposé Instruction, autorisation ou initiation ; clergé, caste et office ne rendent pas noble.";0.00867684906645436;0.13850632043385747;0.0007562523625141453
Juge;Administrateur et juriste;0.045422683996418696;0.06859377577677186;436.05776636561944;A — activité attestée;"SB90; SB213";"Contexte régional ; taille et fréquence locales proposées. Agrégat pondéré par habitants puis actifs ; quartiers et institutions déjà inclus. chapitre régional ; profil territorial proposé Instruction, autorisation ou initiation ; clergé, caste et office ne rendent pas noble.";0.0032882443630861164;0.04178388076079933;0.0003505588725332489
Avocat;Administrateur et juriste;0.045422683996418696;0.06859377577677186;436.05776636561944;A — activité attestée;"SB90; SB213";"Contexte régional ; taille et fréquence locales proposées. Agrégat pondéré par habitants puis actifs ; quartiers et institutions déjà inclus. chapitre régional ; profil territorial proposé Instruction, autorisation ou initiation ; clergé, caste et office ne rendent pas noble.";0.0032882443630861164;0.04178388076079933;0.0003505588725332489
Diplomate et émissaire;Administrateur et juriste;0.045422683996418696;0.06859377577677186;436.05776636561944;A — activité attestée;PG46;"Contexte régional ; taille et fréquence locales proposées. Agrégat pondéré par habitants puis actifs ; quartiers et institutions déjà inclus. chapitre régional ; profil territorial proposé Instruction, autorisation ou initiation ; clergé, caste et office ne rendent pas noble.";0.0032882443630861164;0.04178388076079933;0.0003505588725332489
Recruteur et agent de missions;Administrateur et juriste;0.045422683996418696;0.06859377577677186;436.05776636561944;D — activité déduite;SB105;"Contexte régional ; taille et fréquence locales proposées. Agrégat pondéré par habitants puis actifs ; quartiers et institutions déjà inclus. chapitre régional ; profil territorial proposé Instruction, autorisation ou initiation ; clergé, caste et office ne rendent pas noble.";0.0032882443630861164;0.04178388076079933;0.0003505588725332489
Bourreau;Administrateur et juriste;0.045422683996418696;0.06859377577677186;436.05776636561944;A — activité attestée;SB148;"Contexte régional ; taille et fréquence locales proposées. Agrégat pondéré par habitants puis actifs ; quartiers et institutions déjà inclus. chapitre régional ; profil territorial proposé Instruction, autorisation ou initiation ; clergé, caste et office ne rendent pas noble.";0.0032882443630861164;0.04178388076079933;0.0003505588725332489
Acteur et comédien;Artiste du spectacle;0.0032376987407769097;0.004889318770222783;31.081907911458334;A — activité attestée;MJ129;"Contexte régional ; taille et fréquence locales proposées. Agrégat pondéré par habitants puis actifs ; quartiers et institutions déjà inclus. chapitre régional ; profil territorial proposé Apprentissage, audition et réseau ; accès au mérite notamment Mustardseed.";0.00016168390015547856;0.0030310606642728628;4.4954176348568286e-05
Danseur;Artiste du spectacle;0.0032376987407769097;0.004889318770222783;31.081907911458334;A — activité attestée;MJ129;"Contexte régional ; taille et fréquence locales proposées. Agrégat pondéré par habitants puis actifs ; quartiers et institutions déjà inclus. chapitre régional ; profil territorial proposé Apprentissage, audition et réseau ; accès au mérite notamment Mustardseed.";0.00016168390015547856;0.0030310606642728628;4.4954176348568286e-05
Musicien;Artiste du spectacle;0.13497170689911023;0.203823688621652;1295.7283862314582;A — activité attestée;MJ129;"Contexte régional ; taille et fréquence locales proposées. Agrégat pondéré par habitants puis actifs ; quartiers et institutions déjà inclus. chapitre régional ; profil territorial proposé Apprentissage, audition et réseau ; accès au mérite notamment Mustardseed.";0.0048489369255245;0.12923088189535784;0.0008918880782279052
Chanteur;Artiste du spectacle;0.0032376987407769097;0.004889318770222783;31.081907911458334;A — activité attestée;MJ129;"Contexte régional ; taille et fréquence locales proposées. Agrégat pondéré par habitants puis actifs ; quartiers et institutions déjà inclus. chapitre régional ; profil territorial proposé Apprentissage, audition et réseau ; accès au mérite notamment Mustardseed.";0.00016168390015547856;0.0030310606642728628;4.4954176348568286e-05
Poète;Artiste du spectacle;0.0032376987407769097;0.004889318770222783;31.081907911458334;A — activité attestée;MJ129;"Contexte régional ; taille et fréquence locales proposées. Agrégat pondéré par habitants puis actifs ; quartiers et institutions déjà inclus. chapitre régional ; profil territorial proposé Apprentissage, audition et réseau ; accès au mérite notamment Mustardseed.";0.00016168390015547856;0.0030310606642728628;4.4954176348568286e-05
Conteur;Artiste du spectacle;0.13497170689911023;0.203823688621652;1295.7283862314582;A — activité attestée;MJ129;"Contexte régional ; taille et fréquence locales proposées. Agrégat pondéré par habitants puis actifs ; quartiers et institutions déjà inclus. chapitre régional ; profil territorial proposé Apprentissage, audition et réseau ; accès au mérite notamment Mustardseed.";0.0048489369255245;0.12923088189535784;0.0008918880782279052
Bouffon;Artiste du spectacle;0.0032376987407769097;0.004889318770222783;31.081907911458334;A — activité attestée;MJ129;"Contexte régional ; taille et fréquence locales proposées. Agrégat pondéré par habitants puis actifs ; quartiers et institutions déjà inclus. chapitre régional ; profil territorial proposé Apprentissage, audition et réseau ; accès au mérite notamment Mustardseed.";0.00016168390015547856;0.0030310606642728628;4.4954176348568286e-05
Jongleur;Artiste du spectacle;0.0032376987407769097;0.004889318770222783;31.081907911458334;A — activité attestée;MJ129;"Contexte régional ; taille et fréquence locales proposées. Agrégat pondéré par habitants puis actifs ; quartiers et institutions déjà inclus. chapitre régional ; profil territorial proposé Apprentissage, audition et réseau ; accès au mérite notamment Mustardseed.";0.00016168390015547856;0.0030310606642728628;4.4954176348568286e-05
Acrobate;Artiste du spectacle;0.0032376987407769097;0.004889318770222783;31.081907911458334;A — activité attestée;MJ129;"Contexte régional ; taille et fréquence locales proposées. Agrégat pondéré par habitants puis actifs ; quartiers et institutions déjà inclus. chapitre régional ; profil territorial proposé Apprentissage, audition et réseau ; accès au mérite notamment Mustardseed.";0.00016168390015547856;0.0030310606642728628;4.4954176348568286e-05
Cracheur de feu;Artiste du spectacle;0.0032376987407769097;0.004889318770222783;31.081907911458334;A — activité attestée;MJ129;"Contexte régional ; taille et fréquence locales proposées. Agrégat pondéré par habitants puis actifs ; quartiers et institutions déjà inclus. chapitre régional ; profil territorial proposé Apprentissage, audition et réseau ; accès au mérite notamment Mustardseed.";0.00016168390015547856;0.0030310606642728628;4.4954176348568286e-05
Compositeur;Artiste du spectacle;0.0032376987407769097;0.004889318770222783;31.081907911458334;A — activité attestée;PG28;"Contexte régional ; taille et fréquence locales proposées. Agrégat pondéré par habitants puis actifs ; quartiers et institutions déjà inclus. chapitre régional ; profil territorial proposé Apprentissage, audition et réseau ; accès au mérite notamment Mustardseed.";0.00016168390015547856;0.0030310606642728628;4.4954176348568286e-05
Crieur public;Artiste du spectacle;0.0032376987407769097;0.004889318770222783;31.081907911458334;P — activité proposée;MJ129;"Contexte régional ; taille et fréquence locales proposées. Agrégat pondéré par habitants puis actifs ; quartiers et institutions déjà inclus. chapitre régional ; profil territorial proposé Apprentissage, audition et réseau ; accès au mérite notamment Mustardseed.";0.00016168390015547856;0.0030310606642728628;4.4954176348568286e-05
Joueur professionnel;Professionnel du jeu;0.002493906194878473;0.003766101588212705;23.941499470833342;P — activité proposée;SB99;"Contexte régional ; taille et fréquence locales proposées. Agrégat pondéré par habitants puis actifs ; quartiers et institutions déjà inclus. chapitre régional ; profil territorial proposé Apprentissage, audition et réseau ; accès au mérite notamment Mustardseed.";0.0001232629375741478;0.002338574128785477;3.2069128518847956e-05
Croupier;Professionnel du jeu;0.002493906194878473;0.003766101588212705;23.941499470833342;D — activité déduite;SB99;"Contexte régional ; taille et fréquence locales proposées. Agrégat pondéré par habitants puis actifs ; quartiers et institutions déjà inclus. chapitre régional ; profil territorial proposé Apprentissage, audition et réseau ; accès au mérite notamment Mustardseed.";0.0001232629375741478;0.002338574128785477;3.2069128518847956e-05
Preneur de paris;Professionnel du jeu;0.002493906194878473;0.003766101588212705;23.941499470833342;D — activité déduite;SB99;"Contexte régional ; taille et fréquence locales proposées. Agrégat pondéré par habitants puis actifs ; quartiers et institutions déjà inclus. chapitre régional ; profil territorial proposé Apprentissage, audition et réseau ; accès au mérite notamment Mustardseed.";0.0001232629375741478;0.002338574128785477;3.2069128518847956e-05
Maître-chanteur;Opérateur d’activités illicites;0.0010266965092592594;0.0015504365649655712;9.856286488888891;A — activité attestée;BR42;"Contexte régional ; taille et fréquence locales proposées. Agrégat pondéré par habitants puis actifs ; quartiers et institutions déjà inclus. chapitre régional ; profil territorial proposé Réseaux, exclusion, dettes et compétences ; statut légal distinct de noblesse.";4.0676371542335514e-05;0.0007690607849912482;0.0002169593527256756
Cambrioleur;Opérateur d’activités illicites;0.0010266965092592594;0.0015504365649655712;9.856286488888891;A — activité attestée;BR42;"Contexte régional ; taille et fréquence locales proposées. Agrégat pondéré par habitants puis actifs ; quartiers et institutions déjà inclus. chapitre régional ; profil territorial proposé Réseaux, exclusion, dettes et compétences ; statut légal distinct de noblesse.";4.0676371542335514e-05;0.0007690607849912482;0.0002169593527256756
Homme de main;Opérateur d’activités illicites;0.0010266965092592594;0.0015504365649655712;9.856286488888891;A — activité attestée;BR42;"Contexte régional ; taille et fréquence locales proposées. Agrégat pondéré par habitants puis actifs ; quartiers et institutions déjà inclus. chapitre régional ; profil territorial proposé Réseaux, exclusion, dettes et compétences ; statut légal distinct de noblesse.";4.0676371542335514e-05;0.0007690607849912482;0.0002169593527256756
Receleur;Opérateur d’activités illicites;0.0010266965092592594;0.0015504365649655712;9.856286488888891;A — activité attestée;BR42;"Contexte régional ; taille et fréquence locales proposées. Agrégat pondéré par habitants puis actifs ; quartiers et institutions déjà inclus. chapitre régional ; profil territorial proposé Réseaux, exclusion, dettes et compétences ; statut légal distinct de noblesse.";4.0676371542335514e-05;0.0007690607849912482;0.0002169593527256756
Voleur de grand chemin;Opérateur d’activités illicites;0.0010266965092592594;0.0015504365649655712;9.856286488888891;A — activité attestée;BR42;"Contexte régional ; taille et fréquence locales proposées. Agrégat pondéré par habitants puis actifs ; quartiers et institutions déjà inclus. chapitre régional ; profil territorial proposé Réseaux, exclusion, dettes et compétences ; statut légal distinct de noblesse.";4.0676371542335514e-05;0.0007690607849912482;0.0002169593527256756
Tueur à gages;Opérateur d’activités illicites;0.0010266965092592594;0.0015504365649655712;9.856286488888891;A — activité attestée;BR42;"Contexte régional ; taille et fréquence locales proposées. Agrégat pondéré par habitants puis actifs ; quartiers et institutions déjà inclus. chapitre régional ; profil territorial proposé Réseaux, exclusion, dettes et compétences ; statut légal distinct de noblesse.";4.0676371542335514e-05;0.0007690607849912482;0.0002169593527256756
Pickpocket;Opérateur d’activités illicites;0.0010266965092592594;0.0015504365649655712;9.856286488888891;A — activité attestée;BR42;"Contexte régional ; taille et fréquence locales proposées. Agrégat pondéré par habitants puis actifs ; quartiers et institutions déjà inclus. chapitre régional ; profil territorial proposé Réseaux, exclusion, dettes et compétences ; statut légal distinct de noblesse.";4.0676371542335514e-05;0.0007690607849912482;0.0002169593527256756
Contrebandier;Opérateur d’activités illicites;0.0010266965092592594;0.0015504365649655712;9.856286488888891;A — activité attestée;BR42;"Contexte régional ; taille et fréquence locales proposées. Agrégat pondéré par habitants puis actifs ; quartiers et institutions déjà inclus. chapitre régional ; profil territorial proposé Réseaux, exclusion, dettes et compétences ; statut légal distinct de noblesse.";4.0676371542335514e-05;0.0007690607849912482;0.0002169593527256756
Pirate;Opérateur d’activités illicites;0.0010266965092592594;0.0015504365649655712;9.856286488888891;A — activité attestée;MJ136;"Contexte régional ; taille et fréquence locales proposées. Agrégat pondéré par habitants puis actifs ; quartiers et institutions déjà inclus. chapitre régional ; profil territorial proposé Réseaux, exclusion, dettes et compétences ; statut légal distinct de noblesse.";4.0676371542335514e-05;0.0007690607849912482;0.0002169593527256756
Cultivateur de tubercules;Agriculteur;0;0;0.0;A — activité attestée;"SB120; SB168";"Contexte régional ; taille et fréquence locales proposées. Agrégat pondéré par habitants puis actifs ; quartiers et institutions déjà inclus. chapitre régional ; profil territorial proposé Zéro proposé : Aucun profil enfant ne retient ce métier dans le scénario ; ne prouve pas absence canonique. Transmission familiale, terre/eau, droits d’usage et outils ; les tâches saisonnières restent secondaires.";0;0;0
Cartographe;Cartographe;0.003683622041722336;0.005562717174445224;35.36277160053443;A — activité attestée;MJ128;"Contexte régional ; taille et fréquence locales proposées. Agrégat pondéré par habitants puis actifs ; quartiers et institutions déjà inclus. chapitre régional ; profil territorial proposé Long apprentissage, frais, bourses, talent, licence ou secret ; titre ne donne pas maîtrise.";0.00042335024305600253;0.0032471091053297486;1.3162693336585268e-05
Sans métier actif;Statut;2.4594383333333334;3.7140509263337527;23610.608000000004;P;;Personnes productives occupées + personnes sans emploi disponibles recherchant une activité. Inclut aide familiale, subsistance, apprentissage productif et travail partiel.;0.020583333333333332;2.105495;0.33336
Hors activité;Statut;33.78016666666666;0;324289.5999999999;P;;"Tous habitants recensés dans les catégories sources; enfants, étudiants et retraités ne sont exclus de l’activité que sans contribution productive. Pas de seuil humain de 18 ans imposé.";0.95;31.48866666666666;1.3415000000000001
